,A,B,C,D,E,F,G,H,I
0,128.0097445,321.4693291,205.9085143,95.20471768,52.06143928,39.07667906,84.49135392,328.8131346,2759.588444
1,128.0097445,321.4693291,205.9085143,95.20471768,52.06143928,39.07667906,84.49135392,328.8131346,2759.588444
2,128.0097445,321.4693291,205.9085143,95.20471768,52.06143928,39.07667906,84.49135392,328.8131346,2759.588444
3,128.0097445,321.4693291,205.9085143,95.20471768,52.06143928,39.07667906,84.49135392,328.8131346,2759.588444
4,128.0097445,321.4693291,205.9085143,95.20471768,52.06143928,39.07667906,84.49135392,328.8131346,2759.588444
5,128.0097445,321.4693291,205.9085143,95.20471768,52.06143928,39.07667906,84.49135392,328.8131346,2759.588444
6,128.0097445,321.4693291,205.9085143,95.20471768,52.06143928,39.07667906,84.49135392,328.8131346,2759.588444
7,128.0097445,321.4693291,205.9085143,95.20471768,52.06143928,39.07667906,84.49135392,328.8131346,2759.588444
8,128.0097445,321.4693291,205.9085143,95.20471768,52.06143928,39.07667906,84.49135392,328.8131346,2759.588444
9,128.0097445,321.4693291,205.9085143,95.20471768,52.06143928,39.07667906,84.49135392,328.8131346,2759.588444
10,128.0097445,321.4693291,205.9085143,95.20471768,52.06143928,39.07667906,84.49135392,328.8131346,2759.588444
11,128.0097445,321.4693291,205.9085143,95.20471768,52.06143928,39.07667906,84.49135392,328.8131346,2759.588444
12,128.0097445,321.4693291,205.9085143,95.20471768,52.06143928,39.07667906,84.49135392,328.8131346,2759.588444
13,128.0097445,321.4693291,205.9085143,95.20471768,52.06143928,39.07667906,84.49135392,328.8131346,2759.588444
14,128.0097445,321.4693291,205.9085143,95.20471768,52.06143928,39.07667906,84.49135392,328.8131346,2759.588444
15,128.0097445,321.4693291,205.9085143,95.20471768,52.06143928,39.07667906,84.49135392,328.8131346,2759.588444
16,128.0097445,321.4693291,205.9085143,95.20471768,52.06143928,39.07667906,84.49135392,328.8131346,2759.588444
17,128.0097445,321.4693291,205.9085143,95.20471768,52.06143928,39.07667906,84.49135392,328.8131346,2759.588444
18,128.0097445,321.4693291,205.9085143,95.20471768,52.06143928,39.07667906,84.49135392,328.8131346,2759.588444
19,128.0097445,321.4693291,205.9085143,95.20471768,52.06143928,39.07667906,84.49135392,328.8131346,2759.588444
20,128.0097445,321.4693291,205.9085143,95.20471768,52.06143928,39.07667906,84.49135392,328.8131346,2759.588444
21,157.0883469,215.8989388,224.97834,91.08950428,176.1966779,17.934352,158.3911852,219.8591586,2528.118598
22,157.0883469,215.8989388,224.97834,91.08950428,176.1966779,17.934352,158.3911852,219.8591586,2528.118598
23,157.0883469,215.8989388,224.97834,91.08950428,176.1966779,17.934352,158.3911852,219.8591586,2528.118598
24,157.0883469,215.8989388,224.97834,91.08950428,176.1966779,17.934352,158.3911852,219.8591586,2528.118598
25,157.0883469,215.8989388,224.97834,91.08950428,176.1966779,17.934352,158.3911852,219.8591586,2528.118598
26,157.0883469,215.8989388,224.97834,91.08950428,176.1966779,17.934352,158.3911852,219.8591586,2528.118598
27,157.0883469,215.8989388,224.97834,91.08950428,176.1966779,17.934352,158.3911852,219.8591586,2528.118598
28,157.0883469,215.8989388,224.97834,91.08950428,176.1966779,17.934352,158.3911852,219.8591586,2528.118598
29,157.0883469,215.8989388,224.97834,91.08950428,176.1966779,17.934352,158.3911852,219.8591586,2528.118598
30,157.0883469,215.8989388,224.97834,91.08950428,176.1966779,17.934352,158.3911852,219.8591586,2528.118598
31,157.0883469,215.8989388,224.97834,91.08950428,176.1966779,17.934352,158.3911852,219.8591586,2528.118598
32,157.0883469,215.8989388,224.97834,91.08950428,176.1966779,17.934352,158.3911852,219.8591586,2528.118598
33,157.0883469,215.8989388,224.97834,91.08950428,176.1966779,17.934352,158.3911852,219.8591586,2528.118598
34,157.0883469,215.8989388,224.97834,91.08950428,176.1966779,17.934352,158.3911852,219.8591586,2528.118598
35,157.0883469,215.8989388,224.97834,91.08950428,176.1966779,17.934352,158.3911852,219.8591586,2528.118598
36,157.0883469,215.8989388,224.97834,91.08950428,176.1966779,17.934352,158.3911852,219.8591586,2528.118598
37,157.0883469,215.8989388,224.97834,91.08950428,176.1966779,17.934352,158.3911852,219.8591586,2528.118598
38,157.0883469,215.8989388,224.97834,91.08950428,176.1966779,17.934352,158.3911852,219.8591586,2528.118598
39,157.0883469,215.8989388,224.97834,91.08950428,176.1966779,17.934352,158.3911852,219.8591586,2528.118598
40,157.0883469,215.8989388,224.97834,91.08950428,176.1966779,17.934352,158.3911852,219.8591586,2528.118598
41,157.0883469,215.8989388,224.97834,91.08950428,176.1966779,17.934352,158.3911852,219.8591586,2528.118598
42,134.621859,332.6773293,113.8745362,83.94463117,173.3079685,52.82415768,198.0224254,328.3400629,1346.03747
43,134.621859,332.6773293,113.8745362,83.94463117,173.3079685,52.82415768,198.0224254,328.3400629,1346.03747
44,134.621859,332.6773293,113.8745362,83.94463117,173.3079685,52.82415768,198.0224254,328.3400629,1346.03747
45,134.621859,332.6773293,113.8745362,83.94463117,173.3079685,52.82415768,198.0224254,328.3400629,1346.03747
46,134.621859,332.6773293,113.8745362,83.94463117,173.3079685,52.82415768,198.0224254,328.3400629,1346.03747
47,134.621859,332.6773293,113.8745362,83.94463117,173.3079685,52.82415768,198.0224254,328.3400629,1346.03747
48,134.621859,332.6773293,113.8745362,83.94463117,173.3079685,52.82415768,198.0224254,328.3400629,1346.03747
49,134.621859,332.6773293,113.8745362,83.94463117,173.3079685,52.82415768,198.0224254,328.3400629,1346.03747
50,134.621859,332.6773293,113.8745362,83.94463117,173.3079685,52.82415768,198.0224254,328.3400629,1346.03747
51,134.621859,332.6773293,113.8745362,83.94463117,173.3079685,52.82415768,198.0224254,328.3400629,1346.03747
52,134.621859,332.6773293,113.8745362,83.94463117,173.3079685,52.82415768,198.0224254,328.3400629,1346.03747
53,134.621859,332.6773293,113.8745362,83.94463117,173.3079685,52.82415768,198.0224254,328.3400629,1346.03747
54,134.621859,332.6773293,113.8745362,83.94463117,173.3079685,52.82415768,198.0224254,328.3400629,1346.03747
55,134.621859,332.6773293,113.8745362,83.94463117,173.3079685,52.82415768,198.0224254,328.3400629,1346.03747
56,134.621859,332.6773293,113.8745362,83.94463117,173.3079685,52.82415768,198.0224254,328.3400629,1346.03747
57,134.621859,332.6773293,113.8745362,83.94463117,173.3079685,52.82415768,198.0224254,328.3400629,1346.03747
58,134.621859,332.6773293,113.8745362,83.94463117,173.3079685,52.82415768,198.0224254,328.3400629,1346.03747
59,134.621859,332.6773293,113.8745362,83.94463117,173.3079685,52.82415768,198.0224254,328.3400629,1346.03747
60,134.621859,332.6773293,113.8745362,83.94463117,173.3079685,52.82415768,198.0224254,328.3400629,1346.03747
61,134.621859,332.6773293,113.8745362,83.94463117,173.3079685,52.82415768,198.0224254,328.3400629,1346.03747
62,134.621859,332.6773293,113.8745362,83.94463117,173.3079685,52.82415768,198.0224254,328.3400629,1346.03747
63,123.7153839,237.2311792,196.9923423,74.21161149,148.6160587,25.84648362,275.9888413,241.6685547,2326.713769
64,123.7153839,237.2311792,196.9923423,74.21161149,148.6160587,25.84648362,275.9888413,241.6685547,2326.713769
65,123.7153839,237.2311792,196.9923423,74.21161149,148.6160587,25.84648362,275.9888413,241.6685547,2326.713769
66,123.7153839,237.2311792,196.9923423,74.21161149,148.6160587,25.84648362,275.9888413,241.6685547,2326.713769
67,123.7153839,237.2311792,196.9923423,74.21161149,148.6160587,25.84648362,275.9888413,241.6685547,2326.713769
68,123.7153839,237.2311792,196.9923423,74.21161149,148.6160587,25.84648362,275.9888413,241.6685547,2326.713769
69,123.7153839,237.2311792,196.9923423,74.21161149,148.6160587,25.84648362,275.9888413,241.6685547,2326.713769
70,123.7153839,237.2311792,196.9923423,74.21161149,148.6160587,25.84648362,275.9888413,241.6685547,2326.713769
71,123.7153839,237.2311792,196.9923423,74.21161149,148.6160587,25.84648362,275.9888413,241.6685547,2326.713769
72,123.7153839,237.2311792,196.9923423,74.21161149,148.6160587,25.84648362,275.9888413,241.6685547,2326.713769
73,123.7153839,237.2311792,196.9923423,74.21161149,148.6160587,25.84648362,275.9888413,241.6685547,2326.713769
74,123.7153839,237.2311792,196.9923423,74.21161149,148.6160587,25.84648362,275.9888413,241.6685547,2326.713769
75,123.7153839,237.2311792,196.9923423,74.21161149,148.6160587,25.84648362,275.9888413,241.6685547,2326.713769
76,123.7153839,237.2311792,196.9923423,74.21161149,148.6160587,25.84648362,275.9888413,241.6685547,2326.713769
77,123.7153839,237.2311792,196.9923423,74.21161149,148.6160587,25.84648362,275.9888413,241.6685547,2326.713769
78,123.7153839,237.2311792,196.9923423,74.21161149,148.6160587,25.84648362,275.9888413,241.6685547,2326.713769
79,123.7153839,237.2311792,196.9923423,74.21161149,148.6160587,25.84648362,275.9888413,241.6685547,2326.713769
80,123.7153839,237.2311792,196.9923423,74.21161149,148.6160587,25.84648362,275.9888413,241.6685547,2326.713769
81,123.7153839,237.2311792,196.9923423,74.21161149,148.6160587,25.84648362,275.9888413,241.6685547,2326.713769
82,123.7153839,237.2311792,196.9923423,74.21161149,148.6160587,25.84648362,275.9888413,241.6685547,2326.713769
83,123.7153839,237.2311792,196.9923423,74.21161149,148.6160587,25.84648362,275.9888413,241.6685547,2326.713769
84,199.6991232,259.3619098,271.3679047,94.79840666,106.5352295,43.1921494,265.3988237,239.4908478,2630.467478
85,199.6991232,259.3619098,271.3679047,94.79840666,106.5352295,43.1921494,265.3988237,239.4908478,2630.467478
86,199.6991232,259.3619098,271.3679047,94.79840666,106.5352295,43.1921494,265.3988237,239.4908478,2630.467478
87,199.6991232,259.3619098,271.3679047,94.79840666,106.5352295,43.1921494,265.3988237,239.4908478,2630.467478
88,199.6991232,259.3619098,271.3679047,94.79840666,106.5352295,43.1921494,265.3988237,239.4908478,2630.467478
89,199.6991232,259.3619098,271.3679047,94.79840666,106.5352295,43.1921494,265.3988237,239.4908478,2630.467478
90,199.6991232,259.3619098,271.3679047,94.79840666,106.5352295,43.1921494,265.3988237,239.4908478,2630.467478
91,199.6991232,259.3619098,271.3679047,94.79840666,106.5352295,43.1921494,265.3988237,239.4908478,2630.467478
92,199.6991232,259.3619098,271.3679047,94.79840666,106.5352295,43.1921494,265.3988237,239.4908478,2630.467478
93,199.6991232,259.3619098,271.3679047,94.79840666,106.5352295,43.1921494,265.3988237,239.4908478,2630.467478
94,199.6991232,259.3619098,271.3679047,94.79840666,106.5352295,43.1921494,265.3988237,239.4908478,2630.467478
95,199.6991232,259.3619098,271.3679047,94.79840666,106.5352295,43.1921494,265.3988237,239.4908478,2630.467478
96,199.6991232,259.3619098,271.3679047,94.79840666,106.5352295,43.1921494,265.3988237,239.4908478,2630.467478
97,199.6991232,259.3619098,271.3679047,94.79840666,106.5352295,43.1921494,265.3988237,239.4908478,2630.467478
98,199.6991232,259.3619098,271.3679047,94.79840666,106.5352295,43.1921494,265.3988237,239.4908478,2630.467478
99,199.6991232,259.3619098,271.3679047,94.79840666,106.5352295,43.1921494,265.3988237,239.4908478,2630.467478
100,199.6991232,259.3619098,271.3679047,94.79840666,106.5352295,43.1921494,265.3988237,239.4908478,2630.467478
101,199.6991232,259.3619098,271.3679047,94.79840666,106.5352295,43.1921494,265.3988237,239.4908478,2630.467478
102,199.6991232,259.3619098,271.3679047,94.79840666,106.5352295,43.1921494,265.3988237,239.4908478,2630.467478
103,199.6991232,259.3619098,271.3679047,94.79840666,106.5352295,43.1921494,265.3988237,239.4908478,2630.467478
104,199.6991232,259.3619098,271.3679047,94.79840666,106.5352295,43.1921494,265.3988237,239.4908478,2630.467478
105,136.0436762,229.7206936,141.3303781,58.68601441,108.2784167,23.784184,252.4040642,142.2550026,3753.461073
106,136.0436762,229.7206936,141.3303781,58.68601441,108.2784167,23.784184,252.4040642,142.2550026,3753.461073
107,136.0436762,229.7206936,141.3303781,58.68601441,108.2784167,23.784184,252.4040642,142.2550026,3753.461073
108,136.0436762,229.7206936,141.3303781,58.68601441,108.2784167,23.784184,252.4040642,142.2550026,3753.461073
109,136.0436762,229.7206936,141.3303781,58.68601441,108.2784167,23.784184,252.4040642,142.2550026,3753.461073
110,136.0436762,229.7206936,141.3303781,58.68601441,108.2784167,23.784184,252.4040642,142.2550026,3753.461073
111,136.0436762,229.7206936,141.3303781,58.68601441,108.2784167,23.784184,252.4040642,142.2550026,3753.461073
112,136.0436762,229.7206936,141.3303781,58.68601441,108.2784167,23.784184,252.4040642,142.2550026,3753.461073
113,136.0436762,229.7206936,141.3303781,58.68601441,108.2784167,23.784184,252.4040642,142.2550026,3753.461073
114,136.0436762,229.7206936,141.3303781,58.68601441,108.2784167,23.784184,252.4040642,142.2550026,3753.461073
115,136.0436762,229.7206936,141.3303781,58.68601441,108.2784167,23.784184,252.4040642,142.2550026,3753.461073
116,136.0436762,229.7206936,141.3303781,58.68601441,108.2784167,23.784184,252.4040642,142.2550026,3753.461073
117,136.0436762,229.7206936,141.3303781,58.68601441,108.2784167,23.784184,252.4040642,142.2550026,3753.461073
118,136.0436762,229.7206936,141.3303781,58.68601441,108.2784167,23.784184,252.4040642,142.2550026,3753.461073
119,136.0436762,229.7206936,141.3303781,58.68601441,108.2784167,23.784184,252.4040642,142.2550026,3753.461073
120,136.0436762,229.7206936,141.3303781,58.68601441,108.2784167,23.784184,252.4040642,142.2550026,3753.461073
121,136.0436762,229.7206936,141.3303781,58.68601441,108.2784167,23.784184,252.4040642,142.2550026,3753.461073
122,136.0436762,229.7206936,141.3303781,58.68601441,108.2784167,23.784184,252.4040642,142.2550026,3753.461073
123,136.0436762,229.7206936,141.3303781,58.68601441,108.2784167,23.784184,252.4040642,142.2550026,3753.461073
124,136.0436762,229.7206936,141.3303781,58.68601441,108.2784167,23.784184,252.4040642,142.2550026,3753.461073
125,136.0436762,229.7206936,141.3303781,58.68601441,108.2784167,23.784184,252.4040642,142.2550026,3753.461073
126,130.1028735,241.6949908,126.8891479,86.53498531,175.0557478,61.41320779,245.4456107,526.6670004,3111.096372
127,130.1028735,241.6949908,126.8891479,86.53498531,175.0557478,61.41320779,245.4456107,526.6670004,3111.096372
128,130.1028735,241.6949908,126.8891479,86.53498531,175.0557478,61.41320779,245.4456107,526.6670004,3111.096372
129,130.1028735,241.6949908,126.8891479,86.53498531,175.0557478,61.41320779,245.4456107,526.6670004,3111.096372
130,130.1028735,241.6949908,126.8891479,86.53498531,175.0557478,61.41320779,245.4456107,526.6670004,3111.096372
131,130.1028735,241.6949908,126.8891479,86.53498531,175.0557478,61.41320779,245.4456107,526.6670004,3111.096372
132,130.1028735,241.6949908,126.8891479,86.53498531,175.0557478,61.41320779,245.4456107,526.6670004,3111.096372
133,130.1028735,241.6949908,126.8891479,86.53498531,175.0557478,61.41320779,245.4456107,526.6670004,3111.096372
134,130.1028735,241.6949908,126.8891479,86.53498531,175.0557478,61.41320779,245.4456107,526.6670004,3111.096372
135,130.1028735,241.6949908,126.8891479,86.53498531,175.0557478,61.41320779,245.4456107,526.6670004,3111.096372
136,130.1028735,241.6949908,126.8891479,86.53498531,175.0557478,61.41320779,245.4456107,526.6670004,3111.096372
137,130.1028735,241.6949908,126.8891479,86.53498531,175.0557478,61.41320779,245.4456107,526.6670004,3111.096372
138,130.1028735,241.6949908,126.8891479,86.53498531,175.0557478,61.41320779,245.4456107,526.6670004,3111.096372
139,130.1028735,241.6949908,126.8891479,86.53498531,175.0557478,61.41320779,245.4456107,526.6670004,3111.096372
140,130.1028735,241.6949908,126.8891479,86.53498531,175.0557478,61.41320779,245.4456107,526.6670004,3111.096372
141,130.1028735,241.6949908,126.8891479,86.53498531,175.0557478,61.41320779,245.4456107,526.6670004,3111.096372
142,130.1028735,241.6949908,126.8891479,86.53498531,175.0557478,61.41320779,245.4456107,526.6670004,3111.096372
143,130.1028735,241.6949908,126.8891479,86.53498531,175.0557478,61.41320779,245.4456107,526.6670004,3111.096372
144,130.1028735,241.6949908,126.8891479,86.53498531,175.0557478,61.41320779,245.4456107,526.6670004,3111.096372
145,130.1028735,241.6949908,126.8891479,86.53498531,175.0557478,61.41320779,245.4456107,526.6670004,3111.096372
146,130.1028735,241.6949908,126.8891479,86.53498531,175.0557478,61.41320779,245.4456107,526.6670004,3111.096372
147,126.5486499,226.1138505,219.8100635,98.44785577,134.9167834,26.99149568,130.7130205,267.2187933,3769.80078
148,126.5486499,226.1138505,219.8100635,98.44785577,134.9167834,26.99149568,130.7130205,267.2187933,3769.80078
149,126.5486499,226.1138505,219.8100635,98.44785577,134.9167834,26.99149568,130.7130205,267.2187933,3769.80078
150,126.5486499,226.1138505,219.8100635,98.44785577,134.9167834,26.99149568,130.7130205,267.2187933,3769.80078
151,126.5486499,226.1138505,219.8100635,98.44785577,134.9167834,26.99149568,130.7130205,267.2187933,3769.80078
152,126.5486499,226.1138505,219.8100635,98.44785577,134.9167834,26.99149568,130.7130205,267.2187933,3769.80078
153,126.5486499,226.1138505,219.8100635,98.44785577,134.9167834,26.99149568,130.7130205,267.2187933,3769.80078
154,126.5486499,226.1138505,219.8100635,98.44785577,134.9167834,26.99149568,130.7130205,267.2187933,3769.80078
155,126.5486499,226.1138505,219.8100635,98.44785577,134.9167834,26.99149568,130.7130205,267.2187933,3769.80078
156,126.5486499,226.1138505,219.8100635,98.44785577,134.9167834,26.99149568,130.7130205,267.2187933,3769.80078
157,126.5486499,226.1138505,219.8100635,98.44785577,134.9167834,26.99149568,130.7130205,267.2187933,3769.80078
158,126.5486499,226.1138505,219.8100635,98.44785577,134.9167834,26.99149568,130.7130205,267.2187933,3769.80078
159,126.5486499,226.1138505,219.8100635,98.44785577,134.9167834,26.99149568,130.7130205,267.2187933,3769.80078
160,126.5486499,226.1138505,219.8100635,98.44785577,134.9167834,26.99149568,130.7130205,267.2187933,3769.80078
161,126.5486499,226.1138505,219.8100635,98.44785577,134.9167834,26.99149568,130.7130205,267.2187933,3769.80078
162,126.5486499,226.1138505,219.8100635,98.44785577,134.9167834,26.99149568,130.7130205,267.2187933,3769.80078
163,126.5486499,226.1138505,219.8100635,98.44785577,134.9167834,26.99149568,130.7130205,267.2187933,3769.80078
164,126.5486499,226.1138505,219.8100635,98.44785577,134.9167834,26.99149568,130.7130205,267.2187933,3769.80078
165,126.5486499,226.1138505,219.8100635,98.44785577,134.9167834,26.99149568,130.7130205,267.2187933,3769.80078
166,126.5486499,226.1138505,219.8100635,98.44785577,134.9167834,26.99149568,130.7130205,267.2187933,3769.80078
167,126.5486499,226.1138505,219.8100635,98.44785577,134.9167834,26.99149568,130.7130205,267.2187933,3769.80078
168,260.9462951,408.056036,198.1548071,88.05731667,59.72549371,67.60710088,400.7270955,289.4518117,6072.891884
169,260.9462951,408.056036,198.1548071,88.05731667,59.72549371,67.60710088,400.7270955,289.4518117,6072.891884
170,260.9462951,408.056036,198.1548071,88.05731667,59.72549371,67.60710088,400.7270955,289.4518117,6072.891884
171,260.9462951,408.056036,198.1548071,88.05731667,59.72549371,67.60710088,400.7270955,289.4518117,6072.891884
172,260.9462951,408.056036,198.1548071,88.05731667,59.72549371,67.60710088,400.7270955,289.4518117,6072.891884
173,260.9462951,408.056036,198.1548071,88.05731667,59.72549371,67.60710088,400.7270955,289.4518117,6072.891884
174,260.9462951,408.056036,198.1548071,88.05731667,59.72549371,67.60710088,400.7270955,289.4518117,6072.891884
175,260.9462951,408.056036,198.1548071,88.05731667,59.72549371,67.60710088,400.7270955,289.4518117,6072.891884
176,260.9462951,408.056036,198.1548071,88.05731667,59.72549371,67.60710088,400.7270955,289.4518117,6072.891884
177,260.9462951,408.056036,198.1548071,88.05731667,59.72549371,67.60710088,400.7270955,289.4518117,6072.891884
178,260.9462951,408.056036,198.1548071,88.05731667,59.72549371,67.60710088,400.7270955,289.4518117,6072.891884
179,260.9462951,408.056036,198.1548071,88.05731667,59.72549371,67.60710088,400.7270955,289.4518117,6072.891884
180,260.9462951,408.056036,198.1548071,88.05731667,59.72549371,67.60710088,400.7270955,289.4518117,6072.891884
181,260.9462951,408.056036,198.1548071,88.05731667,59.72549371,67.60710088,400.7270955,289.4518117,6072.891884
182,260.9462951,408.056036,198.1548071,88.05731667,59.72549371,67.60710088,400.7270955,289.4518117,6072.891884
183,260.9462951,408.056036,198.1548071,88.05731667,59.72549371,67.60710088,400.7270955,289.4518117,6072.891884
184,260.9462951,408.056036,198.1548071,88.05731667,59.72549371,67.60710088,400.7270955,289.4518117,6072.891884
185,260.9462951,408.056036,198.1548071,88.05731667,59.72549371,67.60710088,400.7270955,289.4518117,6072.891884
186,260.9462951,408.056036,198.1548071,88.05731667,59.72549371,67.60710088,400.7270955,289.4518117,6072.891884
187,260.9462951,408.056036,198.1548071,88.05731667,59.72549371,67.60710088,400.7270955,289.4518117,6072.891884
188,260.9462951,408.056036,198.1548071,88.05731667,59.72549371,67.60710088,400.7270955,289.4518117,6072.891884
189,188.0915767,227.4433812,227.5966597,105.4807658,103.9480482,46.15563362,756.9359075,249.5311268,4401.675496
190,188.0915767,227.4433812,227.5966597,105.4807658,103.9480482,46.15563362,756.9359075,249.5311268,4401.675496
191,188.0915767,227.4433812,227.5966597,105.4807658,103.9480482,46.15563362,756.9359075,249.5311268,4401.675496
192,188.0915767,227.4433812,227.5966597,105.4807658,103.9480482,46.15563362,756.9359075,249.5311268,4401.675496
193,188.0915767,227.4433812,227.5966597,105.4807658,103.9480482,46.15563362,756.9359075,249.5311268,4401.675496
194,188.0915767,227.4433812,227.5966597,105.4807658,103.9480482,46.15563362,756.9359075,249.5311268,4401.675496
195,188.0915767,227.4433812,227.5966597,105.4807658,103.9480482,46.15563362,756.9359075,249.5311268,4401.675496
196,188.0915767,227.4433812,227.5966597,105.4807658,103.9480482,46.15563362,756.9359075,249.5311268,4401.675496
197,188.0915767,227.4433812,227.5966597,105.4807658,103.9480482,46.15563362,756.9359075,249.5311268,4401.675496
198,188.0915767,227.4433812,227.5966597,105.4807658,103.9480482,46.15563362,756.9359075,249.5311268,4401.675496
199,188.0915767,227.4433812,227.5966597,105.4807658,103.9480482,46.15563362,756.9359075,249.5311268,4401.675496
200,188.0915767,227.4433812,227.5966597,105.4807658,103.9480482,46.15563362,756.9359075,249.5311268,4401.675496
201,188.0915767,227.4433812,227.5966597,105.4807658,103.9480482,46.15563362,756.9359075,249.5311268,4401.675496
202,188.0915767,227.4433812,227.5966597,105.4807658,103.9480482,46.15563362,756.9359075,249.5311268,4401.675496
203,188.0915767,227.4433812,227.5966597,105.4807658,103.9480482,46.15563362,756.9359075,249.5311268,4401.675496
204,188.0915767,227.4433812,227.5966597,105.4807658,103.9480482,46.15563362,756.9359075,249.5311268,4401.675496
205,188.0915767,227.4433812,227.5966597,105.4807658,103.9480482,46.15563362,756.9359075,249.5311268,4401.675496
206,188.0915767,227.4433812,227.5966597,105.4807658,103.9480482,46.15563362,756.9359075,249.5311268,4401.675496
207,188.0915767,227.4433812,227.5966597,105.4807658,103.9480482,46.15563362,756.9359075,249.5311268,4401.675496
208,188.0915767,227.4433812,227.5966597,105.4807658,103.9480482,46.15563362,756.9359075,249.5311268,4401.675496
209,188.0915767,227.4433812,227.5966597,105.4807658,103.9480482,46.15563362,756.9359075,249.5311268,4401.675496
210,186.5220976,285.7160791,150.4265883,161.7349818,99.250264,66.92434511,266.3883936,535.1539305,5129.564568
211,186.5220976,285.7160791,150.4265883,161.7349818,99.250264,66.92434511,266.3883936,535.1539305,5129.564568
212,186.5220976,285.7160791,150.4265883,161.7349818,99.250264,66.92434511,266.3883936,535.1539305,5129.564568
213,186.5220976,285.7160791,150.4265883,161.7349818,99.250264,66.92434511,266.3883936,535.1539305,5129.564568
214,186.5220976,285.7160791,150.4265883,161.7349818,99.250264,66.92434511,266.3883936,535.1539305,5129.564568
215,186.5220976,285.7160791,150.4265883,161.7349818,99.250264,66.92434511,266.3883936,535.1539305,5129.564568
216,186.5220976,285.7160791,150.4265883,161.7349818,99.250264,66.92434511,266.3883936,535.1539305,5129.564568
217,186.5220976,285.7160791,150.4265883,161.7349818,99.250264,66.92434511,266.3883936,535.1539305,5129.564568
218,186.5220976,285.7160791,150.4265883,161.7349818,99.250264,66.92434511,266.3883936,535.1539305,5129.564568
219,186.5220976,285.7160791,150.4265883,161.7349818,99.250264,66.92434511,266.3883936,535.1539305,5129.564568
220,186.5220976,285.7160791,150.4265883,161.7349818,99.250264,66.92434511,266.3883936,535.1539305,5129.564568
221,186.5220976,285.7160791,150.4265883,161.7349818,99.250264,66.92434511,266.3883936,535.1539305,5129.564568
222,186.5220976,285.7160791,150.4265883,161.7349818,99.250264,66.92434511,266.3883936,535.1539305,5129.564568
223,186.5220976,285.7160791,150.4265883,161.7349818,99.250264,66.92434511,266.3883936,535.1539305,5129.564568
224,186.5220976,285.7160791,150.4265883,161.7349818,99.250264,66.92434511,266.3883936,535.1539305,5129.564568
225,186.5220976,285.7160791,150.4265883,161.7349818,99.250264,66.92434511,266.3883936,535.1539305,5129.564568
226,186.5220976,285.7160791,150.4265883,161.7349818,99.250264,66.92434511,266.3883936,535.1539305,5129.564568
227,186.5220976,285.7160791,150.4265883,161.7349818,99.250264,66.92434511,266.3883936,535.1539305,5129.564568
228,186.5220976,285.7160791,150.4265883,161.7349818,99.250264,66.92434511,266.3883936,535.1539305,5129.564568
229,186.5220976,285.7160791,150.4265883,161.7349818,99.250264,66.92434511,266.3883936,535.1539305,5129.564568
230,186.5220976,285.7160791,150.4265883,161.7349818,99.250264,66.92434511,266.3883936,535.1539305,5129.564568
231,201.4340004,404.7340126,256.3514379,90.61440112,175.1490945,62.6063032,412.4162333,259.2122685,10223.10029
232,201.4340004,404.7340126,256.3514379,90.61440112,175.1490945,62.6063032,412.4162333,259.2122685,10223.10029
233,201.4340004,404.7340126,256.3514379,90.61440112,175.1490945,62.6063032,412.4162333,259.2122685,10223.10029
234,201.4340004,404.7340126,256.3514379,90.61440112,175.1490945,62.6063032,412.4162333,259.2122685,10223.10029
235,201.4340004,404.7340126,256.3514379,90.61440112,175.1490945,62.6063032,412.4162333,259.2122685,10223.10029
236,201.4340004,404.7340126,256.3514379,90.61440112,175.1490945,62.6063032,412.4162333,259.2122685,10223.10029
237,201.4340004,404.7340126,256.3514379,90.61440112,175.1490945,62.6063032,412.4162333,259.2122685,10223.10029
238,201.4340004,404.7340126,256.3514379,90.61440112,175.1490945,62.6063032,412.4162333,259.2122685,10223.10029
239,201.4340004,404.7340126,256.3514379,90.61440112,175.1490945,62.6063032,412.4162333,259.2122685,10223.10029
240,201.4340004,404.7340126,256.3514379,90.61440112,175.1490945,62.6063032,412.4162333,259.2122685,10223.10029
241,201.4340004,404.7340126,256.3514379,90.61440112,175.1490945,62.6063032,412.4162333,259.2122685,10223.10029
242,201.4340004,404.7340126,256.3514379,90.61440112,175.1490945,62.6063032,412.4162333,259.2122685,10223.10029
243,201.4340004,404.7340126,256.3514379,90.61440112,175.1490945,62.6063032,412.4162333,259.2122685,10223.10029
244,201.4340004,404.7340126,256.3514379,90.61440112,175.1490945,62.6063032,412.4162333,259.2122685,10223.10029
245,201.4340004,404.7340126,256.3514379,90.61440112,175.1490945,62.6063032,412.4162333,259.2122685,10223.10029
246,201.4340004,404.7340126,256.3514379,90.61440112,175.1490945,62.6063032,412.4162333,259.2122685,10223.10029
247,201.4340004,404.7340126,256.3514379,90.61440112,175.1490945,62.6063032,412.4162333,259.2122685,10223.10029
248,201.4340004,404.7340126,256.3514379,90.61440112,175.1490945,62.6063032,412.4162333,259.2122685,10223.10029
249,201.4340004,404.7340126,256.3514379,90.61440112,175.1490945,62.6063032,412.4162333,259.2122685,10223.10029
250,201.4340004,404.7340126,256.3514379,90.61440112,175.1490945,62.6063032,412.4162333,259.2122685,10223.10029
251,201.4340004,404.7340126,256.3514379,90.61440112,175.1490945,62.6063032,412.4162333,259.2122685,10223.10029
252,158.0569469,263.4453107,139.9608542,156.4932439,189.6184749,94.57143852,368.0115365,226.0617092,6569.570911
253,158.0569469,263.4453107,139.9608542,156.4932439,189.6184749,94.57143852,368.0115365,226.0617092,6569.570911
254,158.0569469,263.4453107,139.9608542,156.4932439,189.6184749,94.57143852,368.0115365,226.0617092,6569.570911
255,158.0569469,263.4453107,139.9608542,156.4932439,189.6184749,94.57143852,368.0115365,226.0617092,6569.570911
256,158.0569469,263.4453107,139.9608542,156.4932439,189.6184749,94.57143852,368.0115365,226.0617092,6569.570911
257,158.0569469,263.4453107,139.9608542,156.4932439,189.6184749,94.57143852,368.0115365,226.0617092,6569.570911
258,158.0569469,263.4453107,139.9608542,156.4932439,189.6184749,94.57143852,368.0115365,226.0617092,6569.570911
259,158.0569469,263.4453107,139.9608542,156.4932439,189.6184749,94.57143852,368.0115365,226.0617092,6569.570911
260,158.0569469,263.4453107,139.9608542,156.4932439,189.6184749,94.57143852,368.0115365,226.0617092,6569.570911
261,158.0569469,263.4453107,139.9608542,156.4932439,189.6184749,94.57143852,368.0115365,226.0617092,6569.570911
262,158.0569469,263.4453107,139.9608542,156.4932439,189.6184749,94.57143852,368.0115365,226.0617092,6569.570911
263,158.0569469,263.4453107,139.9608542,156.4932439,189.6184749,94.57143852,368.0115365,226.0617092,6569.570911
264,158.0569469,263.4453107,139.9608542,156.4932439,189.6184749,94.57143852,368.0115365,226.0617092,6569.570911
265,158.0569469,263.4453107,139.9608542,156.4932439,189.6184749,94.57143852,368.0115365,226.0617092,6569.570911
266,158.0569469,263.4453107,139.9608542,156.4932439,189.6184749,94.57143852,368.0115365,226.0617092,6569.570911
267,158.0569469,263.4453107,139.9608542,156.4932439,189.6184749,94.57143852,368.0115365,226.0617092,6569.570911
268,158.0569469,263.4453107,139.9608542,156.4932439,189.6184749,94.57143852,368.0115365,226.0617092,6569.570911
269,158.0569469,263.4453107,139.9608542,156.4932439,189.6184749,94.57143852,368.0115365,226.0617092,6569.570911
270,158.0569469,263.4453107,139.9608542,156.4932439,189.6184749,94.57143852,368.0115365,226.0617092,6569.570911
271,158.0569469,263.4453107,139.9608542,156.4932439,189.6184749,94.57143852,368.0115365,226.0617092,6569.570911
272,158.0569469,263.4453107,139.9608542,156.4932439,189.6184749,94.57143852,368.0115365,226.0617092,6569.570911
273,228.9071678,171.1566402,239.6896703,169.4752674,311.938979,128.5480502,281.8949652,308.8893611,6802.539309
274,228.9071678,171.1566402,239.6896703,169.4752674,311.938979,128.5480502,281.8949652,308.8893611,6802.539309
275,228.9071678,171.1566402,239.6896703,169.4752674,311.938979,128.5480502,281.8949652,308.8893611,6802.539309
276,228.9071678,171.1566402,239.6896703,169.4752674,311.938979,128.5480502,281.8949652,308.8893611,6802.539309
277,228.9071678,171.1566402,239.6896703,169.4752674,311.938979,128.5480502,281.8949652,308.8893611,6802.539309
278,228.9071678,171.1566402,239.6896703,169.4752674,311.938979,128.5480502,281.8949652,308.8893611,6802.539309
279,228.9071678,171.1566402,239.6896703,169.4752674,311.938979,128.5480502,281.8949652,308.8893611,6802.539309
280,228.9071678,171.1566402,239.6896703,169.4752674,311.938979,128.5480502,281.8949652,308.8893611,6802.539309
281,228.9071678,171.1566402,239.6896703,169.4752674,311.938979,128.5480502,281.8949652,308.8893611,6802.539309
282,228.9071678,171.1566402,239.6896703,169.4752674,311.938979,128.5480502,281.8949652,308.8893611,6802.539309
283,228.9071678,171.1566402,239.6896703,169.4752674,311.938979,128.5480502,281.8949652,308.8893611,6802.539309
284,228.9071678,171.1566402,239.6896703,169.4752674,311.938979,128.5480502,281.8949652,308.8893611,6802.539309
285,228.9071678,171.1566402,239.6896703,169.4752674,311.938979,128.5480502,281.8949652,308.8893611,6802.539309
286,228.9071678,171.1566402,239.6896703,169.4752674,311.938979,128.5480502,281.8949652,308.8893611,6802.539309
287,228.9071678,171.1566402,239.6896703,169.4752674,311.938979,128.5480502,281.8949652,308.8893611,6802.539309
288,228.9071678,171.1566402,239.6896703,169.4752674,311.938979,128.5480502,281.8949652,308.8893611,6802.539309
289,228.9071678,171.1566402,239.6896703,169.4752674,311.938979,128.5480502,281.8949652,308.8893611,6802.539309
290,228.9071678,171.1566402,239.6896703,169.4752674,311.938979,128.5480502,281.8949652,308.8893611,6802.539309
291,228.9071678,171.1566402,239.6896703,169.4752674,311.938979,128.5480502,281.8949652,308.8893611,6802.539309
292,228.9071678,171.1566402,239.6896703,169.4752674,311.938979,128.5480502,281.8949652,308.8893611,6802.539309
293,228.9071678,171.1566402,239.6896703,169.4752674,311.938979,128.5480502,281.8949652,308.8893611,6802.539309
294,380.6219913,320.6547314,226.6039766,95.30964254,159.1683262,111.2335816,224.2005683,698.6711224,7869.209374
295,380.6219913,320.6547314,226.6039766,95.30964254,159.1683262,111.2335816,224.2005683,698.6711224,7869.209374
296,380.6219913,320.6547314,226.6039766,95.30964254,159.1683262,111.2335816,224.2005683,698.6711224,7869.209374
297,380.6219913,320.6547314,226.6039766,95.30964254,159.1683262,111.2335816,224.2005683,698.6711224,7869.209374
298,380.6219913,320.6547314,226.6039766,95.30964254,159.1683262,111.2335816,224.2005683,698.6711224,7869.209374
299,380.6219913,320.6547314,226.6039766,95.30964254,159.1683262,111.2335816,224.2005683,698.6711224,7869.209374
300,380.6219913,320.6547314,226.6039766,95.30964254,159.1683262,111.2335816,224.2005683,698.6711224,7869.209374
301,380.6219913,320.6547314,226.6039766,95.30964254,159.1683262,111.2335816,224.2005683,698.6711224,7869.209374
302,380.6219913,320.6547314,226.6039766,95.30964254,159.1683262,111.2335816,224.2005683,698.6711224,7869.209374
303,380.6219913,320.6547314,226.6039766,95.30964254,159.1683262,111.2335816,224.2005683,698.6711224,7869.209374
304,380.6219913,320.6547314,226.6039766,95.30964254,159.1683262,111.2335816,224.2005683,698.6711224,7869.209374
305,380.6219913,320.6547314,226.6039766,95.30964254,159.1683262,111.2335816,224.2005683,698.6711224,7869.209374
306,380.6219913,320.6547314,226.6039766,95.30964254,159.1683262,111.2335816,224.2005683,698.6711224,7869.209374
307,380.6219913,320.6547314,226.6039766,95.30964254,159.1683262,111.2335816,224.2005683,698.6711224,7869.209374
308,380.6219913,320.6547314,226.6039766,95.30964254,159.1683262,111.2335816,224.2005683,698.6711224,7869.209374
309,380.6219913,320.6547314,226.6039766,95.30964254,159.1683262,111.2335816,224.2005683,698.6711224,7869.209374
310,380.6219913,320.6547314,226.6039766,95.30964254,159.1683262,111.2335816,224.2005683,698.6711224,7869.209374
311,380.6219913,320.6547314,226.6039766,95.30964254,159.1683262,111.2335816,224.2005683,698.6711224,7869.209374
312,380.6219913,320.6547314,226.6039766,95.30964254,159.1683262,111.2335816,224.2005683,698.6711224,7869.209374
313,380.6219913,320.6547314,226.6039766,95.30964254,159.1683262,111.2335816,224.2005683,698.6711224,7869.209374
314,380.6219913,320.6547314,226.6039766,95.30964254,159.1683262,111.2335816,224.2005683,698.6711224,7869.209374
315,231.4042277,217.4949988,360.174916,180.6444288,246.7223038,118.3694847,693.4669439,488.2640386,8322.465263
316,231.4042277,217.4949988,360.174916,180.6444288,246.7223038,118.3694847,693.4669439,488.2640386,8322.465263
317,231.4042277,217.4949988,360.174916,180.6444288,246.7223038,118.3694847,693.4669439,488.2640386,8322.465263
318,231.4042277,217.4949988,360.174916,180.6444288,246.7223038,118.3694847,693.4669439,488.2640386,8322.465263
319,231.4042277,217.4949988,360.174916,180.6444288,246.7223038,118.3694847,693.4669439,488.2640386,8322.465263
320,231.4042277,217.4949988,360.174916,180.6444288,246.7223038,118.3694847,693.4669439,488.2640386,8322.465263
321,231.4042277,217.4949988,360.174916,180.6444288,246.7223038,118.3694847,693.4669439,488.2640386,8322.465263
322,231.4042277,217.4949988,360.174916,180.6444288,246.7223038,118.3694847,693.4669439,488.2640386,8322.465263
323,231.4042277,217.4949988,360.174916,180.6444288,246.7223038,118.3694847,693.4669439,488.2640386,8322.465263
324,231.4042277,217.4949988,360.174916,180.6444288,246.7223038,118.3694847,693.4669439,488.2640386,8322.465263
325,231.4042277,217.4949988,360.174916,180.6444288,246.7223038,118.3694847,693.4669439,488.2640386,8322.465263
326,231.4042277,217.4949988,360.174916,180.6444288,246.7223038,118.3694847,693.4669439,488.2640386,8322.465263
327,231.4042277,217.4949988,360.174916,180.6444288,246.7223038,118.3694847,693.4669439,488.2640386,8322.465263
328,231.4042277,217.4949988,360.174916,180.6444288,246.7223038,118.3694847,693.4669439,488.2640386,8322.465263
329,231.4042277,217.4949988,360.174916,180.6444288,246.7223038,118.3694847,693.4669439,488.2640386,8322.465263
330,231.4042277,217.4949988,360.174916,180.6444288,246.7223038,118.3694847,693.4669439,488.2640386,8322.465263
331,231.4042277,217.4949988,360.174916,180.6444288,246.7223038,118.3694847,693.4669439,488.2640386,8322.465263
332,231.4042277,217.4949988,360.174916,180.6444288,246.7223038,118.3694847,693.4669439,488.2640386,8322.465263
333,231.4042277,217.4949988,360.174916,180.6444288,246.7223038,118.3694847,693.4669439,488.2640386,8322.465263
334,231.4042277,217.4949988,360.174916,180.6444288,246.7223038,118.3694847,693.4669439,488.2640386,8322.465263
335,231.4042277,217.4949988,360.174916,180.6444288,246.7223038,118.3694847,693.4669439,488.2640386,8322.465263
336,532.7992223,286.2522702,317.9795343,143.1835764,291.5828308,201.7741279,358.714351,638.7012746,10056.49838
337,532.7992223,286.2522702,317.9795343,143.1835764,291.5828308,201.7741279,358.714351,638.7012746,10056.49838
338,532.7992223,286.2522702,317.9795343,143.1835764,291.5828308,201.7741279,358.714351,638.7012746,10056.49838
339,532.7992223,286.2522702,317.9795343,143.1835764,291.5828308,201.7741279,358.714351,638.7012746,10056.49838
340,532.7992223,286.2522702,317.9795343,143.1835764,291.5828308,201.7741279,358.714351,638.7012746,10056.49838
341,532.7992223,286.2522702,317.9795343,143.1835764,291.5828308,201.7741279,358.714351,638.7012746,10056.49838
342,532.7992223,286.2522702,317.9795343,143.1835764,291.5828308,201.7741279,358.714351,638.7012746,10056.49838
343,532.7992223,286.2522702,317.9795343,143.1835764,291.5828308,201.7741279,358.714351,638.7012746,10056.49838
344,532.7992223,286.2522702,317.9795343,143.1835764,291.5828308,201.7741279,358.714351,638.7012746,10056.49838
345,532.7992223,286.2522702,317.9795343,143.1835764,291.5828308,201.7741279,358.714351,638.7012746,10056.49838
346,532.7992223,286.2522702,317.9795343,143.1835764,291.5828308,201.7741279,358.714351,638.7012746,10056.49838
347,532.7992223,286.2522702,317.9795343,143.1835764,291.5828308,201.7741279,358.714351,638.7012746,10056.49838
348,532.7992223,286.2522702,317.9795343,143.1835764,291.5828308,201.7741279,358.714351,638.7012746,10056.49838
349,532.7992223,286.2522702,317.9795343,143.1835764,291.5828308,201.7741279,358.714351,638.7012746,10056.49838
350,532.7992223,286.2522702,317.9795343,143.1835764,291.5828308,201.7741279,358.714351,638.7012746,10056.49838
351,532.7992223,286.2522702,317.9795343,143.1835764,291.5828308,201.7741279,358.714351,638.7012746,10056.49838
352,532.7992223,286.2522702,317.9795343,143.1835764,291.5828308,201.7741279,358.714351,638.7012746,10056.49838
353,532.7992223,286.2522702,317.9795343,143.1835764,291.5828308,201.7741279,358.714351,638.7012746,10056.49838
354,532.7992223,286.2522702,317.9795343,143.1835764,291.5828308,201.7741279,358.714351,638.7012746,10056.49838
355,532.7992223,286.2522702,317.9795343,143.1835764,291.5828308,201.7741279,358.714351,638.7012746,10056.49838
356,532.7992223,286.2522702,317.9795343,143.1835764,291.5828308,201.7741279,358.714351,638.7012746,10056.49838
357,511.4543789,310.7277622,186.3509962,220.8283842,184.2886329,87.16563352,403.7374322,554.9012634,13302.90118
358,511.4543789,310.7277622,186.3509962,220.8283842,184.2886329,87.16563352,403.7374322,554.9012634,13302.90118
359,511.4543789,310.7277622,186.3509962,220.8283842,184.2886329,87.16563352,403.7374322,554.9012634,13302.90118
360,511.4543789,310.7277622,186.3509962,220.8283842,184.2886329,87.16563352,403.7374322,554.9012634,13302.90118
361,511.4543789,310.7277622,186.3509962,220.8283842,184.2886329,87.16563352,403.7374322,554.9012634,13302.90118
362,511.4543789,310.7277622,186.3509962,220.8283842,184.2886329,87.16563352,403.7374322,554.9012634,13302.90118
363,511.4543789,310.7277622,186.3509962,220.8283842,184.2886329,87.16563352,403.7374322,554.9012634,13302.90118
364,511.4543789,310.7277622,186.3509962,220.8283842,184.2886329,87.16563352,403.7374322,554.9012634,13302.90118
365,511.4543789,310.7277622,186.3509962,220.8283842,184.2886329,87.16563352,403.7374322,554.9012634,13302.90118
366,511.4543789,310.7277622,186.3509962,220.8283842,184.2886329,87.16563352,403.7374322,554.9012634,13302.90118
367,511.4543789,310.7277622,186.3509962,220.8283842,184.2886329,87.16563352,403.7374322,554.9012634,13302.90118
368,511.4543789,310.7277622,186.3509962,220.8283842,184.2886329,87.16563352,403.7374322,554.9012634,13302.90118
369,511.4543789,310.7277622,186.3509962,220.8283842,184.2886329,87.16563352,403.7374322,554.9012634,13302.90118
370,511.4543789,310.7277622,186.3509962,220.8283842,184.2886329,87.16563352,403.7374322,554.9012634,13302.90118
371,511.4543789,310.7277622,186.3509962,220.8283842,184.2886329,87.16563352,403.7374322,554.9012634,13302.90118
372,511.4543789,310.7277622,186.3509962,220.8283842,184.2886329,87.16563352,403.7374322,554.9012634,13302.90118
373,511.4543789,310.7277622,186.3509962,220.8283842,184.2886329,87.16563352,403.7374322,554.9012634,13302.90118
374,511.4543789,310.7277622,186.3509962,220.8283842,184.2886329,87.16563352,403.7374322,554.9012634,13302.90118
375,511.4543789,310.7277622,186.3509962,220.8283842,184.2886329,87.16563352,403.7374322,554.9012634,13302.90118
376,511.4543789,310.7277622,186.3509962,220.8283842,184.2886329,87.16563352,403.7374322,554.9012634,13302.90118
377,511.4543789,310.7277622,186.3509962,220.8283842,184.2886329,87.16563352,403.7374322,554.9012634,13302.90118
378,402.1034074,442.2929005,259.4644932,278.4734168,232.721423,78.29995112,744.3655325,672.5165747,14347.45312
379,402.1034074,442.2929005,259.4644932,278.4734168,232.721423,78.29995112,744.3655325,672.5165747,14347.45312
380,402.1034074,442.2929005,259.4644932,278.4734168,232.721423,78.29995112,744.3655325,672.5165747,14347.45312
381,402.1034074,442.2929005,259.4644932,278.4734168,232.721423,78.29995112,744.3655325,672.5165747,14347.45312
382,402.1034074,442.2929005,259.4644932,278.4734168,232.721423,78.29995112,744.3655325,672.5165747,14347.45312
383,402.1034074,442.2929005,259.4644932,278.4734168,232.721423,78.29995112,744.3655325,672.5165747,14347.45312
384,402.1034074,442.2929005,259.4644932,278.4734168,232.721423,78.29995112,744.3655325,672.5165747,14347.45312
385,402.1034074,442.2929005,259.4644932,278.4734168,232.721423,78.29995112,744.3655325,672.5165747,14347.45312
386,402.1034074,442.2929005,259.4644932,278.4734168,232.721423,78.29995112,744.3655325,672.5165747,14347.45312
387,402.1034074,442.2929005,259.4644932,278.4734168,232.721423,78.29995112,744.3655325,672.5165747,14347.45312
388,402.1034074,442.2929005,259.4644932,278.4734168,232.721423,78.29995112,744.3655325,672.5165747,14347.45312
389,402.1034074,442.2929005,259.4644932,278.4734168,232.721423,78.29995112,744.3655325,672.5165747,14347.45312
390,402.1034074,442.2929005,259.4644932,278.4734168,232.721423,78.29995112,744.3655325,672.5165747,14347.45312
391,402.1034074,442.2929005,259.4644932,278.4734168,232.721423,78.29995112,744.3655325,672.5165747,14347.45312
392,402.1034074,442.2929005,259.4644932,278.4734168,232.721423,78.29995112,744.3655325,672.5165747,14347.45312
393,402.1034074,442.2929005,259.4644932,278.4734168,232.721423,78.29995112,744.3655325,672.5165747,14347.45312
394,402.1034074,442.2929005,259.4644932,278.4734168,232.721423,78.29995112,744.3655325,672.5165747,14347.45312
395,402.1034074,442.2929005,259.4644932,278.4734168,232.721423,78.29995112,744.3655325,672.5165747,14347.45312
396,402.1034074,442.2929005,259.4644932,278.4734168,232.721423,78.29995112,744.3655325,672.5165747,14347.45312
397,402.1034074,442.2929005,259.4644932,278.4734168,232.721423,78.29995112,744.3655325,672.5165747,14347.45312
398,402.1034074,442.2929005,259.4644932,278.4734168,232.721423,78.29995112,744.3655325,672.5165747,14347.45312
399,204.8233736,573.1087013,458.0065057,202.8123657,157.4204502,116.2579013,463.065718,597.5955668,15762.71801
400,204.8233736,573.1087013,458.0065057,202.8123657,157.4204502,116.2579013,463.065718,597.5955668,15762.71801
401,204.8233736,573.1087013,458.0065057,202.8123657,157.4204502,116.2579013,463.065718,597.5955668,15762.71801
402,204.8233736,573.1087013,458.0065057,202.8123657,157.4204502,116.2579013,463.065718,597.5955668,15762.71801
403,204.8233736,573.1087013,458.0065057,202.8123657,157.4204502,116.2579013,463.065718,597.5955668,15762.71801
404,204.8233736,573.1087013,458.0065057,202.8123657,157.4204502,116.2579013,463.065718,597.5955668,15762.71801
405,204.8233736,573.1087013,458.0065057,202.8123657,157.4204502,116.2579013,463.065718,597.5955668,15762.71801
406,204.8233736,573.1087013,458.0065057,202.8123657,157.4204502,116.2579013,463.065718,597.5955668,15762.71801
407,204.8233736,573.1087013,458.0065057,202.8123657,157.4204502,116.2579013,463.065718,597.5955668,15762.71801
408,204.8233736,573.1087013,458.0065057,202.8123657,157.4204502,116.2579013,463.065718,597.5955668,15762.71801
409,204.8233736,573.1087013,458.0065057,202.8123657,157.4204502,116.2579013,463.065718,597.5955668,15762.71801
410,204.8233736,573.1087013,458.0065057,202.8123657,157.4204502,116.2579013,463.065718,597.5955668,15762.71801
411,204.8233736,573.1087013,458.0065057,202.8123657,157.4204502,116.2579013,463.065718,597.5955668,15762.71801
412,204.8233736,573.1087013,458.0065057,202.8123657,157.4204502,116.2579013,463.065718,597.5955668,15762.71801
413,204.8233736,573.1087013,458.0065057,202.8123657,157.4204502,116.2579013,463.065718,597.5955668,15762.71801
414,204.8233736,573.1087013,458.0065057,202.8123657,157.4204502,116.2579013,463.065718,597.5955668,15762.71801
415,204.8233736,573.1087013,458.0065057,202.8123657,157.4204502,116.2579013,463.065718,597.5955668,15762.71801
416,204.8233736,573.1087013,458.0065057,202.8123657,157.4204502,116.2579013,463.065718,597.5955668,15762.71801
417,204.8233736,573.1087013,458.0065057,202.8123657,157.4204502,116.2579013,463.065718,597.5955668,15762.71801
418,204.8233736,573.1087013,458.0065057,202.8123657,157.4204502,116.2579013,463.065718,597.5955668,15762.71801
419,204.8233736,573.1087013,458.0065057,202.8123657,157.4204502,116.2579013,463.065718,597.5955668,15762.71801
420,213.9449407,454.3567596,383.1422624,281.8221389,202.4929479,151.9533566,1039.058174,1687.689892,18959.16337
421,213.9449407,454.3567596,383.1422624,281.8221389,202.4929479,151.9533566,1039.058174,1687.689892,18959.16337
422,213.9449407,454.3567596,383.1422624,281.8221389,202.4929479,151.9533566,1039.058174,1687.689892,18959.16337
423,213.9449407,454.3567596,383.1422624,281.8221389,202.4929479,151.9533566,1039.058174,1687.689892,18959.16337
424,213.9449407,454.3567596,383.1422624,281.8221389,202.4929479,151.9533566,1039.058174,1687.689892,18959.16337
425,213.9449407,454.3567596,383.1422624,281.8221389,202.4929479,151.9533566,1039.058174,1687.689892,18959.16337
426,213.9449407,454.3567596,383.1422624,281.8221389,202.4929479,151.9533566,1039.058174,1687.689892,18959.16337
427,213.9449407,454.3567596,383.1422624,281.8221389,202.4929479,151.9533566,1039.058174,1687.689892,18959.16337
428,213.9449407,454.3567596,383.1422624,281.8221389,202.4929479,151.9533566,1039.058174,1687.689892,18959.16337
429,213.9449407,454.3567596,383.1422624,281.8221389,202.4929479,151.9533566,1039.058174,1687.689892,18959.16337
430,213.9449407,454.3567596,383.1422624,281.8221389,202.4929479,151.9533566,1039.058174,1687.689892,18959.16337
431,213.9449407,454.3567596,383.1422624,281.8221389,202.4929479,151.9533566,1039.058174,1687.689892,18959.16337
432,213.9449407,454.3567596,383.1422624,281.8221389,202.4929479,151.9533566,1039.058174,1687.689892,18959.16337
433,213.9449407,454.3567596,383.1422624,281.8221389,202.4929479,151.9533566,1039.058174,1687.689892,18959.16337
434,213.9449407,454.3567596,383.1422624,281.8221389,202.4929479,151.9533566,1039.058174,1687.689892,18959.16337
435,213.9449407,454.3567596,383.1422624,281.8221389,202.4929479,151.9533566,1039.058174,1687.689892,18959.16337
436,213.9449407,454.3567596,383.1422624,281.8221389,202.4929479,151.9533566,1039.058174,1687.689892,18959.16337
437,213.9449407,454.3567596,383.1422624,281.8221389,202.4929479,151.9533566,1039.058174,1687.689892,18959.16337
438,213.9449407,454.3567596,383.1422624,281.8221389,202.4929479,151.9533566,1039.058174,1687.689892,18959.16337
439,213.9449407,454.3567596,383.1422624,281.8221389,202.4929479,151.9533566,1039.058174,1687.689892,18959.16337
440,213.9449407,454.3567596,383.1422624,281.8221389,202.4929479,151.9533566,1039.058174,1687.689892,18959.16337
441,735.3794509,567.992874,703.5075768,378.8106194,295.3091459,143.7073785,623.6523745,932.8505661,16175.17402
442,735.3794509,567.992874,703.5075768,378.8106194,295.3091459,143.7073785,623.6523745,932.8505661,16175.17402
443,735.3794509,567.992874,703.5075768,378.8106194,295.3091459,143.7073785,623.6523745,932.8505661,16175.17402
444,735.3794509,567.992874,703.5075768,378.8106194,295.3091459,143.7073785,623.6523745,932.8505661,16175.17402
445,735.3794509,567.992874,703.5075768,378.8106194,295.3091459,143.7073785,623.6523745,932.8505661,16175.17402
446,735.3794509,567.992874,703.5075768,378.8106194,295.3091459,143.7073785,623.6523745,932.8505661,16175.17402
447,735.3794509,567.992874,703.5075768,378.8106194,295.3091459,143.7073785,623.6523745,932.8505661,16175.17402
448,735.3794509,567.992874,703.5075768,378.8106194,295.3091459,143.7073785,623.6523745,932.8505661,16175.17402
449,735.3794509,567.992874,703.5075768,378.8106194,295.3091459,143.7073785,623.6523745,932.8505661,16175.17402
450,735.3794509,567.992874,703.5075768,378.8106194,295.3091459,143.7073785,623.6523745,932.8505661,16175.17402
451,735.3794509,567.992874,703.5075768,378.8106194,295.3091459,143.7073785,623.6523745,932.8505661,16175.17402
452,735.3794509,567.992874,703.5075768,378.8106194,295.3091459,143.7073785,623.6523745,932.8505661,16175.17402
453,735.3794509,567.992874,703.5075768,378.8106194,295.3091459,143.7073785,623.6523745,932.8505661,16175.17402
454,735.3794509,567.992874,703.5075768,378.8106194,295.3091459,143.7073785,623.6523745,932.8505661,16175.17402
455,735.3794509,567.992874,703.5075768,378.8106194,295.3091459,143.7073785,623.6523745,932.8505661,16175.17402
456,735.3794509,567.992874,703.5075768,378.8106194,295.3091459,143.7073785,623.6523745,932.8505661,16175.17402
457,735.3794509,567.992874,703.5075768,378.8106194,295.3091459,143.7073785,623.6523745,932.8505661,16175.17402
458,735.3794509,567.992874,703.5075768,378.8106194,295.3091459,143.7073785,623.6523745,932.8505661,16175.17402
459,735.3794509,567.992874,703.5075768,378.8106194,295.3091459,143.7073785,623.6523745,932.8505661,16175.17402
460,735.3794509,567.992874,703.5075768,378.8106194,295.3091459,143.7073785,623.6523745,932.8505661,16175.17402
461,735.3794509,567.992874,703.5075768,378.8106194,295.3091459,143.7073785,623.6523745,932.8505661,16175.17402
462,615.4479259,465.5162578,415.6876579,648.7414839,205.1311371,164.5422001,535.3458854,912.4730868,9268.723736
463,615.4479259,465.5162578,415.6876579,648.7414839,205.1311371,164.5422001,535.3458854,912.4730868,9268.723736
464,615.4479259,465.5162578,415.6876579,648.7414839,205.1311371,164.5422001,535.3458854,912.4730868,9268.723736
465,615.4479259,465.5162578,415.6876579,648.7414839,205.1311371,164.5422001,535.3458854,912.4730868,9268.723736
466,615.4479259,465.5162578,415.6876579,648.7414839,205.1311371,164.5422001,535.3458854,912.4730868,9268.723736
467,615.4479259,465.5162578,415.6876579,648.7414839,205.1311371,164.5422001,535.3458854,912.4730868,9268.723736
468,615.4479259,465.5162578,415.6876579,648.7414839,205.1311371,164.5422001,535.3458854,912.4730868,9268.723736
469,615.4479259,465.5162578,415.6876579,648.7414839,205.1311371,164.5422001,535.3458854,912.4730868,9268.723736
470,615.4479259,465.5162578,415.6876579,648.7414839,205.1311371,164.5422001,535.3458854,912.4730868,9268.723736
471,615.4479259,465.5162578,415.6876579,648.7414839,205.1311371,164.5422001,535.3458854,912.4730868,9268.723736
472,615.4479259,465.5162578,415.6876579,648.7414839,205.1311371,164.5422001,535.3458854,912.4730868,9268.723736
473,615.4479259,465.5162578,415.6876579,648.7414839,205.1311371,164.5422001,535.3458854,912.4730868,9268.723736
474,615.4479259,465.5162578,415.6876579,648.7414839,205.1311371,164.5422001,535.3458854,912.4730868,9268.723736
475,615.4479259,465.5162578,415.6876579,648.7414839,205.1311371,164.5422001,535.3458854,912.4730868,9268.723736
476,615.4479259,465.5162578,415.6876579,648.7414839,205.1311371,164.5422001,535.3458854,912.4730868,9268.723736
477,615.4479259,465.5162578,415.6876579,648.7414839,205.1311371,164.5422001,535.3458854,912.4730868,9268.723736
478,615.4479259,465.5162578,415.6876579,648.7414839,205.1311371,164.5422001,535.3458854,912.4730868,9268.723736
479,615.4479259,465.5162578,415.6876579,648.7414839,205.1311371,164.5422001,535.3458854,912.4730868,9268.723736
480,615.4479259,465.5162578,415.6876579,648.7414839,205.1311371,164.5422001,535.3458854,912.4730868,9268.723736
481,615.4479259,465.5162578,415.6876579,648.7414839,205.1311371,164.5422001,535.3458854,912.4730868,9268.723736
482,615.4479259,465.5162578,415.6876579,648.7414839,205.1311371,164.5422001,535.3458854,912.4730868,9268.723736
483,383.6701998,541.9255767,624.2663904,318.5320909,375.0414045,155.4229824,653.7530376,918.7512636,19454.08612
484,383.6701998,541.9255767,624.2663904,318.5320909,375.0414045,155.4229824,653.7530376,918.7512636,19454.08612
485,383.6701998,541.9255767,624.2663904,318.5320909,375.0414045,155.4229824,653.7530376,918.7512636,19454.08612
486,383.6701998,541.9255767,624.2663904,318.5320909,375.0414045,155.4229824,653.7530376,918.7512636,19454.08612
487,383.6701998,541.9255767,624.2663904,318.5320909,375.0414045,155.4229824,653.7530376,918.7512636,19454.08612
488,383.6701998,541.9255767,624.2663904,318.5320909,375.0414045,155.4229824,653.7530376,918.7512636,19454.08612
489,383.6701998,541.9255767,624.2663904,318.5320909,375.0414045,155.4229824,653.7530376,918.7512636,19454.08612
490,383.6701998,541.9255767,624.2663904,318.5320909,375.0414045,155.4229824,653.7530376,918.7512636,19454.08612
491,383.6701998,541.9255767,624.2663904,318.5320909,375.0414045,155.4229824,653.7530376,918.7512636,19454.08612
492,383.6701998,541.9255767,624.2663904,318.5320909,375.0414045,155.4229824,653.7530376,918.7512636,19454.08612
493,383.6701998,541.9255767,624.2663904,318.5320909,375.0414045,155.4229824,653.7530376,918.7512636,19454.08612
494,383.6701998,541.9255767,624.2663904,318.5320909,375.0414045,155.4229824,653.7530376,918.7512636,19454.08612
495,383.6701998,541.9255767,624.2663904,318.5320909,375.0414045,155.4229824,653.7530376,918.7512636,19454.08612
496,383.6701998,541.9255767,624.2663904,318.5320909,375.0414045,155.4229824,653.7530376,918.7512636,19454.08612
497,383.6701998,541.9255767,624.2663904,318.5320909,375.0414045,155.4229824,653.7530376,918.7512636,19454.08612
498,383.6701998,541.9255767,624.2663904,318.5320909,375.0414045,155.4229824,653.7530376,918.7512636,19454.08612
499,383.6701998,541.9255767,624.2663904,318.5320909,375.0414045,155.4229824,653.7530376,918.7512636,19454.08612
500,383.6701998,541.9255767,624.2663904,318.5320909,375.0414045,155.4229824,653.7530376,918.7512636,19454.08612
501,383.6701998,541.9255767,624.2663904,318.5320909,375.0414045,155.4229824,653.7530376,918.7512636,19454.08612
502,383.6701998,541.9255767,624.2663904,318.5320909,375.0414045,155.4229824,653.7530376,918.7512636,19454.08612
503,383.6701998,541.9255767,624.2663904,318.5320909,375.0414045,155.4229824,653.7530376,918.7512636,19454.08612
504,545.7583066,561.1515689,484.6382981,289.0239772,208.6893284,176.8031298,451.6034433,775.0920574,25169.7739
505,545.7583066,561.1515689,484.6382981,289.0239772,208.6893284,176.8031298,451.6034433,775.0920574,25169.7739
506,545.7583066,561.1515689,484.6382981,289.0239772,208.6893284,176.8031298,451.6034433,775.0920574,25169.7739
507,545.7583066,561.1515689,484.6382981,289.0239772,208.6893284,176.8031298,451.6034433,775.0920574,25169.7739
508,545.7583066,561.1515689,484.6382981,289.0239772,208.6893284,176.8031298,451.6034433,775.0920574,25169.7739
509,545.7583066,561.1515689,484.6382981,289.0239772,208.6893284,176.8031298,451.6034433,775.0920574,25169.7739
510,545.7583066,561.1515689,484.6382981,289.0239772,208.6893284,176.8031298,451.6034433,775.0920574,25169.7739
511,545.7583066,561.1515689,484.6382981,289.0239772,208.6893284,176.8031298,451.6034433,775.0920574,25169.7739
512,545.7583066,561.1515689,484.6382981,289.0239772,208.6893284,176.8031298,451.6034433,775.0920574,25169.7739
513,545.7583066,561.1515689,484.6382981,289.0239772,208.6893284,176.8031298,451.6034433,775.0920574,25169.7739
514,545.7583066,561.1515689,484.6382981,289.0239772,208.6893284,176.8031298,451.6034433,775.0920574,25169.7739
515,545.7583066,561.1515689,484.6382981,289.0239772,208.6893284,176.8031298,451.6034433,775.0920574,25169.7739
516,545.7583066,561.1515689,484.6382981,289.0239772,208.6893284,176.8031298,451.6034433,775.0920574,25169.7739
517,545.7583066,561.1515689,484.6382981,289.0239772,208.6893284,176.8031298,451.6034433,775.0920574,25169.7739
518,545.7583066,561.1515689,484.6382981,289.0239772,208.6893284,176.8031298,451.6034433,775.0920574,25169.7739
519,545.7583066,561.1515689,484.6382981,289.0239772,208.6893284,176.8031298,451.6034433,775.0920574,25169.7739
520,545.7583066,561.1515689,484.6382981,289.0239772,208.6893284,176.8031298,451.6034433,775.0920574,25169.7739
521,545.7583066,561.1515689,484.6382981,289.0239772,208.6893284,176.8031298,451.6034433,775.0920574,25169.7739
522,545.7583066,561.1515689,484.6382981,289.0239772,208.6893284,176.8031298,451.6034433,775.0920574,25169.7739
523,545.7583066,561.1515689,484.6382981,289.0239772,208.6893284,176.8031298,451.6034433,775.0920574,25169.7739
524,545.7583066,561.1515689,484.6382981,289.0239772,208.6893284,176.8031298,451.6034433,775.0920574,25169.7739
525,574.5849293,586.4707119,659.1979578,313.5540981,227.159231,136.8549786,631.5660859,794.6182782,17026.14877
526,574.5849293,586.4707119,659.1979578,313.5540981,227.159231,136.8549786,631.5660859,794.6182782,17026.14877
527,574.5849293,586.4707119,659.1979578,313.5540981,227.159231,136.8549786,631.5660859,794.6182782,17026.14877
528,574.5849293,586.4707119,659.1979578,313.5540981,227.159231,136.8549786,631.5660859,794.6182782,17026.14877
529,574.5849293,586.4707119,659.1979578,313.5540981,227.159231,136.8549786,631.5660859,794.6182782,17026.14877
530,574.5849293,586.4707119,659.1979578,313.5540981,227.159231,136.8549786,631.5660859,794.6182782,17026.14877
531,574.5849293,586.4707119,659.1979578,313.5540981,227.159231,136.8549786,631.5660859,794.6182782,17026.14877
532,574.5849293,586.4707119,659.1979578,313.5540981,227.159231,136.8549786,631.5660859,794.6182782,17026.14877
533,574.5849293,586.4707119,659.1979578,313.5540981,227.159231,136.8549786,631.5660859,794.6182782,17026.14877
534,574.5849293,586.4707119,659.1979578,313.5540981,227.159231,136.8549786,631.5660859,794.6182782,17026.14877
535,574.5849293,586.4707119,659.1979578,313.5540981,227.159231,136.8549786,631.5660859,794.6182782,17026.14877
536,574.5849293,586.4707119,659.1979578,313.5540981,227.159231,136.8549786,631.5660859,794.6182782,17026.14877
537,574.5849293,586.4707119,659.1979578,313.5540981,227.159231,136.8549786,631.5660859,794.6182782,17026.14877
538,574.5849293,586.4707119,659.1979578,313.5540981,227.159231,136.8549786,631.5660859,794.6182782,17026.14877
539,574.5849293,586.4707119,659.1979578,313.5540981,227.159231,136.8549786,631.5660859,794.6182782,17026.14877
540,574.5849293,586.4707119,659.1979578,313.5540981,227.159231,136.8549786,631.5660859,794.6182782,17026.14877
541,574.5849293,586.4707119,659.1979578,313.5540981,227.159231,136.8549786,631.5660859,794.6182782,17026.14877
542,574.5849293,586.4707119,659.1979578,313.5540981,227.159231,136.8549786,631.5660859,794.6182782,17026.14877
543,574.5849293,586.4707119,659.1979578,313.5540981,227.159231,136.8549786,631.5660859,794.6182782,17026.14877
544,574.5849293,586.4707119,659.1979578,313.5540981,227.159231,136.8549786,631.5660859,794.6182782,17026.14877
545,574.5849293,586.4707119,659.1979578,313.5540981,227.159231,136.8549786,631.5660859,794.6182782,17026.14877
546,561.1167513,857.4492415,768.6204366,405.9376589,107.2678748,172.4084673,381.6980776,1163.909525,15281.44271
547,561.1167513,857.4492415,768.6204366,405.9376589,107.2678748,172.4084673,381.6980776,1163.909525,15281.44271
548,561.1167513,857.4492415,768.6204366,405.9376589,107.2678748,172.4084673,381.6980776,1163.909525,15281.44271
549,561.1167513,857.4492415,768.6204366,405.9376589,107.2678748,172.4084673,381.6980776,1163.909525,15281.44271
550,561.1167513,857.4492415,768.6204366,405.9376589,107.2678748,172.4084673,381.6980776,1163.909525,15281.44271
551,561.1167513,857.4492415,768.6204366,405.9376589,107.2678748,172.4084673,381.6980776,1163.909525,15281.44271
552,561.1167513,857.4492415,768.6204366,405.9376589,107.2678748,172.4084673,381.6980776,1163.909525,15281.44271
553,561.1167513,857.4492415,768.6204366,405.9376589,107.2678748,172.4084673,381.6980776,1163.909525,15281.44271
554,561.1167513,857.4492415,768.6204366,405.9376589,107.2678748,172.4084673,381.6980776,1163.909525,15281.44271
555,561.1167513,857.4492415,768.6204366,405.9376589,107.2678748,172.4084673,381.6980776,1163.909525,15281.44271
556,561.1167513,857.4492415,768.6204366,405.9376589,107.2678748,172.4084673,381.6980776,1163.909525,15281.44271
557,561.1167513,857.4492415,768.6204366,405.9376589,107.2678748,172.4084673,381.6980776,1163.909525,15281.44271
558,561.1167513,857.4492415,768.6204366,405.9376589,107.2678748,172.4084673,381.6980776,1163.909525,15281.44271
559,561.1167513,857.4492415,768.6204366,405.9376589,107.2678748,172.4084673,381.6980776,1163.909525,15281.44271
560,561.1167513,857.4492415,768.6204366,405.9376589,107.2678748,172.4084673,381.6980776,1163.909525,15281.44271
561,561.1167513,857.4492415,768.6204366,405.9376589,107.2678748,172.4084673,381.6980776,1163.909525,15281.44271
562,561.1167513,857.4492415,768.6204366,405.9376589,107.2678748,172.4084673,381.6980776,1163.909525,15281.44271
563,561.1167513,857.4492415,768.6204366,405.9376589,107.2678748,172.4084673,381.6980776,1163.909525,15281.44271
564,561.1167513,857.4492415,768.6204366,405.9376589,107.2678748,172.4084673,381.6980776,1163.909525,15281.44271
565,561.1167513,857.4492415,768.6204366,405.9376589,107.2678748,172.4084673,381.6980776,1163.909525,15281.44271
566,561.1167513,857.4492415,768.6204366,405.9376589,107.2678748,172.4084673,381.6980776,1163.909525,15281.44271
567,328.4816525,698.6832632,858.5941564,391.3408244,219.7214161,80.39094099,662.305349,778.5108983,11639.9454
568,328.4816525,698.6832632,858.5941564,391.3408244,219.7214161,80.39094099,662.305349,778.5108983,11639.9454
569,328.4816525,698.6832632,858.5941564,391.3408244,219.7214161,80.39094099,662.305349,778.5108983,11639.9454
570,328.4816525,698.6832632,858.5941564,391.3408244,219.7214161,80.39094099,662.305349,778.5108983,11639.9454
571,328.4816525,698.6832632,858.5941564,391.3408244,219.7214161,80.39094099,662.305349,778.5108983,11639.9454
572,328.4816525,698.6832632,858.5941564,391.3408244,219.7214161,80.39094099,662.305349,778.5108983,11639.9454
573,328.4816525,698.6832632,858.5941564,391.3408244,219.7214161,80.39094099,662.305349,778.5108983,11639.9454
574,328.4816525,698.6832632,858.5941564,391.3408244,219.7214161,80.39094099,662.305349,778.5108983,11639.9454
575,328.4816525,698.6832632,858.5941564,391.3408244,219.7214161,80.39094099,662.305349,778.5108983,11639.9454
576,328.4816525,698.6832632,858.5941564,391.3408244,219.7214161,80.39094099,662.305349,778.5108983,11639.9454
577,328.4816525,698.6832632,858.5941564,391.3408244,219.7214161,80.39094099,662.305349,778.5108983,11639.9454
578,328.4816525,698.6832632,858.5941564,391.3408244,219.7214161,80.39094099,662.305349,778.5108983,11639.9454
579,328.4816525,698.6832632,858.5941564,391.3408244,219.7214161,80.39094099,662.305349,778.5108983,11639.9454
580,328.4816525,698.6832632,858.5941564,391.3408244,219.7214161,80.39094099,662.305349,778.5108983,11639.9454
581,328.4816525,698.6832632,858.5941564,391.3408244,219.7214161,80.39094099,662.305349,778.5108983,11639.9454
582,328.4816525,698.6832632,858.5941564,391.3408244,219.7214161,80.39094099,662.305349,778.5108983,11639.9454
583,328.4816525,698.6832632,858.5941564,391.3408244,219.7214161,80.39094099,662.305349,778.5108983,11639.9454
584,328.4816525,698.6832632,858.5941564,391.3408244,219.7214161,80.39094099,662.305349,778.5108983,11639.9454
585,328.4816525,698.6832632,858.5941564,391.3408244,219.7214161,80.39094099,662.305349,778.5108983,11639.9454
586,328.4816525,698.6832632,858.5941564,391.3408244,219.7214161,80.39094099,662.305349,778.5108983,11639.9454
587,328.4816525,698.6832632,858.5941564,391.3408244,219.7214161,80.39094099,662.305349,778.5108983,11639.9454
588,520.2273573,1176.250765,381.0572903,363.5376417,87.74114599,92.61399651,1071.230654,776.7612175,11456.3088
589,520.2273573,1176.250765,381.0572903,363.5376417,87.74114599,92.61399651,1071.230654,776.7612175,11456.3088
590,520.2273573,1176.250765,381.0572903,363.5376417,87.74114599,92.61399651,1071.230654,776.7612175,11456.3088
591,520.2273573,1176.250765,381.0572903,363.5376417,87.74114599,92.61399651,1071.230654,776.7612175,11456.3088
592,520.2273573,1176.250765,381.0572903,363.5376417,87.74114599,92.61399651,1071.230654,776.7612175,11456.3088
593,520.2273573,1176.250765,381.0572903,363.5376417,87.74114599,92.61399651,1071.230654,776.7612175,11456.3088
594,520.2273573,1176.250765,381.0572903,363.5376417,87.74114599,92.61399651,1071.230654,776.7612175,11456.3088
595,520.2273573,1176.250765,381.0572903,363.5376417,87.74114599,92.61399651,1071.230654,776.7612175,11456.3088
596,520.2273573,1176.250765,381.0572903,363.5376417,87.74114599,92.61399651,1071.230654,776.7612175,11456.3088
597,520.2273573,1176.250765,381.0572903,363.5376417,87.74114599,92.61399651,1071.230654,776.7612175,11456.3088
598,520.2273573,1176.250765,381.0572903,363.5376417,87.74114599,92.61399651,1071.230654,776.7612175,11456.3088
599,520.2273573,1176.250765,381.0572903,363.5376417,87.74114599,92.61399651,1071.230654,776.7612175,11456.3088
600,520.2273573,1176.250765,381.0572903,363.5376417,87.74114599,92.61399651,1071.230654,776.7612175,11456.3088
601,520.2273573,1176.250765,381.0572903,363.5376417,87.74114599,92.61399651,1071.230654,776.7612175,11456.3088
602,520.2273573,1176.250765,381.0572903,363.5376417,87.74114599,92.61399651,1071.230654,776.7612175,11456.3088
603,520.2273573,1176.250765,381.0572903,363.5376417,87.74114599,92.61399651,1071.230654,776.7612175,11456.3088
604,520.2273573,1176.250765,381.0572903,363.5376417,87.74114599,92.61399651,1071.230654,776.7612175,11456.3088
605,520.2273573,1176.250765,381.0572903,363.5376417,87.74114599,92.61399651,1071.230654,776.7612175,11456.3088
606,520.2273573,1176.250765,381.0572903,363.5376417,87.74114599,92.61399651,1071.230654,776.7612175,11456.3088
607,520.2273573,1176.250765,381.0572903,363.5376417,87.74114599,92.61399651,1071.230654,776.7612175,11456.3088
608,520.2273573,1176.250765,381.0572903,363.5376417,87.74114599,92.61399651,1071.230654,776.7612175,11456.3088
609,376.8921451,506.1645756,701.1329788,502.4343831,157.482755,105.6181714,911.857771,803.8156936,15355.58056
610,376.8921451,506.1645756,701.1329788,502.4343831,157.482755,105.6181714,911.857771,803.8156936,15355.58056
611,376.8921451,506.1645756,701.1329788,502.4343831,157.482755,105.6181714,911.857771,803.8156936,15355.58056
612,376.8921451,506.1645756,701.1329788,502.4343831,157.482755,105.6181714,911.857771,803.8156936,15355.58056
613,376.8921451,506.1645756,701.1329788,502.4343831,157.482755,105.6181714,911.857771,803.8156936,15355.58056
614,376.8921451,506.1645756,701.1329788,502.4343831,157.482755,105.6181714,911.857771,803.8156936,15355.58056
615,376.8921451,506.1645756,701.1329788,502.4343831,157.482755,105.6181714,911.857771,803.8156936,15355.58056
616,376.8921451,506.1645756,701.1329788,502.4343831,157.482755,105.6181714,911.857771,803.8156936,15355.58056
617,376.8921451,506.1645756,701.1329788,502.4343831,157.482755,105.6181714,911.857771,803.8156936,15355.58056
618,376.8921451,506.1645756,701.1329788,502.4343831,157.482755,105.6181714,911.857771,803.8156936,15355.58056
619,376.8921451,506.1645756,701.1329788,502.4343831,157.482755,105.6181714,911.857771,803.8156936,15355.58056
620,376.8921451,506.1645756,701.1329788,502.4343831,157.482755,105.6181714,911.857771,803.8156936,15355.58056
621,376.8921451,506.1645756,701.1329788,502.4343831,157.482755,105.6181714,911.857771,803.8156936,15355.58056
622,376.8921451,506.1645756,701.1329788,502.4343831,157.482755,105.6181714,911.857771,803.8156936,15355.58056
623,376.8921451,506.1645756,701.1329788,502.4343831,157.482755,105.6181714,911.857771,803.8156936,15355.58056
624,376.8921451,506.1645756,701.1329788,502.4343831,157.482755,105.6181714,911.857771,803.8156936,15355.58056
625,376.8921451,506.1645756,701.1329788,502.4343831,157.482755,105.6181714,911.857771,803.8156936,15355.58056
626,376.8921451,506.1645756,701.1329788,502.4343831,157.482755,105.6181714,911.857771,803.8156936,15355.58056
627,376.8921451,506.1645756,701.1329788,502.4343831,157.482755,105.6181714,911.857771,803.8156936,15355.58056
628,376.8921451,506.1645756,701.1329788,502.4343831,157.482755,105.6181714,911.857771,803.8156936,15355.58056
629,376.8921451,506.1645756,701.1329788,502.4343831,157.482755,105.6181714,911.857771,803.8156936,15355.58056
630,384.2961673,780.4733194,417.0084763,392.2887536,122.4543233,101.2806237,737.381722,869.0372916,14119.07182
631,384.2961673,780.4733194,417.0084763,392.2887536,122.4543233,101.2806237,737.381722,869.0372916,14119.07182
632,384.2961673,780.4733194,417.0084763,392.2887536,122.4543233,101.2806237,737.381722,869.0372916,14119.07182
633,384.2961673,780.4733194,417.0084763,392.2887536,122.4543233,101.2806237,737.381722,869.0372916,14119.07182
634,384.2961673,780.4733194,417.0084763,392.2887536,122.4543233,101.2806237,737.381722,869.0372916,14119.07182
635,384.2961673,780.4733194,417.0084763,392.2887536,122.4543233,101.2806237,737.381722,869.0372916,14119.07182
636,384.2961673,780.4733194,417.0084763,392.2887536,122.4543233,101.2806237,737.381722,869.0372916,14119.07182
637,384.2961673,780.4733194,417.0084763,392.2887536,122.4543233,101.2806237,737.381722,869.0372916,14119.07182
638,384.2961673,780.4733194,417.0084763,392.2887536,122.4543233,101.2806237,737.381722,869.0372916,14119.07182
639,384.2961673,780.4733194,417.0084763,392.2887536,122.4543233,101.2806237,737.381722,869.0372916,14119.07182
640,384.2961673,780.4733194,417.0084763,392.2887536,122.4543233,101.2806237,737.381722,869.0372916,14119.07182
641,384.2961673,780.4733194,417.0084763,392.2887536,122.4543233,101.2806237,737.381722,869.0372916,14119.07182
642,384.2961673,780.4733194,417.0084763,392.2887536,122.4543233,101.2806237,737.381722,869.0372916,14119.07182
643,384.2961673,780.4733194,417.0084763,392.2887536,122.4543233,101.2806237,737.381722,869.0372916,14119.07182
644,384.2961673,780.4733194,417.0084763,392.2887536,122.4543233,101.2806237,737.381722,869.0372916,14119.07182
645,384.2961673,780.4733194,417.0084763,392.2887536,122.4543233,101.2806237,737.381722,869.0372916,14119.07182
646,384.2961673,780.4733194,417.0084763,392.2887536,122.4543233,101.2806237,737.381722,869.0372916,14119.07182
647,384.2961673,780.4733194,417.0084763,392.2887536,122.4543233,101.2806237,737.381722,869.0372916,14119.07182
648,384.2961673,780.4733194,417.0084763,392.2887536,122.4543233,101.2806237,737.381722,869.0372916,14119.07182
649,384.2961673,780.4733194,417.0084763,392.2887536,122.4543233,101.2806237,737.381722,869.0372916,14119.07182
650,384.2961673,780.4733194,417.0084763,392.2887536,122.4543233,101.2806237,737.381722,869.0372916,14119.07182
651,271.9686853,903.2056764,627.7682298,126.1771151,254.7355937,57.06897543,1448.307756,325.6821156,13654.07357
652,271.9686853,903.2056764,627.7682298,126.1771151,254.7355937,57.06897543,1448.307756,325.6821156,13654.07357
653,271.9686853,903.2056764,627.7682298,126.1771151,254.7355937,57.06897543,1448.307756,325.6821156,13654.07357
654,271.9686853,903.2056764,627.7682298,126.1771151,254.7355937,57.06897543,1448.307756,325.6821156,13654.07357
655,271.9686853,903.2056764,627.7682298,126.1771151,254.7355937,57.06897543,1448.307756,325.6821156,13654.07357
656,271.9686853,903.2056764,627.7682298,126.1771151,254.7355937,57.06897543,1448.307756,325.6821156,13654.07357
657,271.9686853,903.2056764,627.7682298,126.1771151,254.7355937,57.06897543,1448.307756,325.6821156,13654.07357
658,271.9686853,903.2056764,627.7682298,126.1771151,254.7355937,57.06897543,1448.307756,325.6821156,13654.07357
659,271.9686853,903.2056764,627.7682298,126.1771151,254.7355937,57.06897543,1448.307756,325.6821156,13654.07357
660,271.9686853,903.2056764,627.7682298,126.1771151,254.7355937,57.06897543,1448.307756,325.6821156,13654.07357
661,271.9686853,903.2056764,627.7682298,126.1771151,254.7355937,57.06897543,1448.307756,325.6821156,13654.07357
662,271.9686853,903.2056764,627.7682298,126.1771151,254.7355937,57.06897543,1448.307756,325.6821156,13654.07357
663,271.9686853,903.2056764,627.7682298,126.1771151,254.7355937,57.06897543,1448.307756,325.6821156,13654.07357
664,271.9686853,903.2056764,627.7682298,126.1771151,254.7355937,57.06897543,1448.307756,325.6821156,13654.07357
665,271.9686853,903.2056764,627.7682298,126.1771151,254.7355937,57.06897543,1448.307756,325.6821156,13654.07357
666,271.9686853,903.2056764,627.7682298,126.1771151,254.7355937,57.06897543,1448.307756,325.6821156,13654.07357
667,271.9686853,903.2056764,627.7682298,126.1771151,254.7355937,57.06897543,1448.307756,325.6821156,13654.07357
668,271.9686853,903.2056764,627.7682298,126.1771151,254.7355937,57.06897543,1448.307756,325.6821156,13654.07357
669,271.9686853,903.2056764,627.7682298,126.1771151,254.7355937,57.06897543,1448.307756,325.6821156,13654.07357
670,271.9686853,903.2056764,627.7682298,126.1771151,254.7355937,57.06897543,1448.307756,325.6821156,13654.07357
671,271.9686853,903.2056764,627.7682298,126.1771151,254.7355937,57.06897543,1448.307756,325.6821156,13654.07357
672,557.0152216,496.0999131,384.4918731,428.0645371,126.4392321,77.70519495,665.3272097,718.948263,18008.47604
673,557.0152216,496.0999131,384.4918731,428.0645371,126.4392321,77.70519495,665.3272097,718.948263,18008.47604
674,557.0152216,496.0999131,384.4918731,428.0645371,126.4392321,77.70519495,665.3272097,718.948263,18008.47604
675,557.0152216,496.0999131,384.4918731,428.0645371,126.4392321,77.70519495,665.3272097,718.948263,18008.47604
676,557.0152216,496.0999131,384.4918731,428.0645371,126.4392321,77.70519495,665.3272097,718.948263,18008.47604
677,557.0152216,496.0999131,384.4918731,428.0645371,126.4392321,77.70519495,665.3272097,718.948263,18008.47604
678,557.0152216,496.0999131,384.4918731,428.0645371,126.4392321,77.70519495,665.3272097,718.948263,18008.47604
679,557.0152216,496.0999131,384.4918731,428.0645371,126.4392321,77.70519495,665.3272097,718.948263,18008.47604
680,557.0152216,496.0999131,384.4918731,428.0645371,126.4392321,77.70519495,665.3272097,718.948263,18008.47604
681,557.0152216,496.0999131,384.4918731,428.0645371,126.4392321,77.70519495,665.3272097,718.948263,18008.47604
682,557.0152216,496.0999131,384.4918731,428.0645371,126.4392321,77.70519495,665.3272097,718.948263,18008.47604
683,557.0152216,496.0999131,384.4918731,428.0645371,126.4392321,77.70519495,665.3272097,718.948263,18008.47604
684,557.0152216,496.0999131,384.4918731,428.0645371,126.4392321,77.70519495,665.3272097,718.948263,18008.47604
685,557.0152216,496.0999131,384.4918731,428.0645371,126.4392321,77.70519495,665.3272097,718.948263,18008.47604
686,557.0152216,496.0999131,384.4918731,428.0645371,126.4392321,77.70519495,665.3272097,718.948263,18008.47604
687,557.0152216,496.0999131,384.4918731,428.0645371,126.4392321,77.70519495,665.3272097,718.948263,18008.47604
688,557.0152216,496.0999131,384.4918731,428.0645371,126.4392321,77.70519495,665.3272097,718.948263,18008.47604
689,557.0152216,496.0999131,384.4918731,428.0645371,126.4392321,77.70519495,665.3272097,718.948263,18008.47604
690,557.0152216,496.0999131,384.4918731,428.0645371,126.4392321,77.70519495,665.3272097,718.948263,18008.47604
691,557.0152216,496.0999131,384.4918731,428.0645371,126.4392321,77.70519495,665.3272097,718.948263,18008.47604
692,557.0152216,496.0999131,384.4918731,428.0645371,126.4392321,77.70519495,665.3272097,718.948263,18008.47604
693,491.8470962,917.1783781,766.9748795,259.8771374,71.95368715,54.76367514,1016.439243,532.5452111,16831.14605
694,491.8470962,917.1783781,766.9748795,259.8771374,71.95368715,54.76367514,1016.439243,532.5452111,16831.14605
695,491.8470962,917.1783781,766.9748795,259.8771374,71.95368715,54.76367514,1016.439243,532.5452111,16831.14605
696,491.8470962,917.1783781,766.9748795,259.8771374,71.95368715,54.76367514,1016.439243,532.5452111,16831.14605
697,491.8470962,917.1783781,766.9748795,259.8771374,71.95368715,54.76367514,1016.439243,532.5452111,16831.14605
698,491.8470962,917.1783781,766.9748795,259.8771374,71.95368715,54.76367514,1016.439243,532.5452111,16831.14605
699,491.8470962,917.1783781,766.9748795,259.8771374,71.95368715,54.76367514,1016.439243,532.5452111,16831.14605
700,491.8470962,917.1783781,766.9748795,259.8771374,71.95368715,54.76367514,1016.439243,532.5452111,16831.14605
701,491.8470962,917.1783781,766.9748795,259.8771374,71.95368715,54.76367514,1016.439243,532.5452111,16831.14605
702,491.8470962,917.1783781,766.9748795,259.8771374,71.95368715,54.76367514,1016.439243,532.5452111,16831.14605
703,491.8470962,917.1783781,766.9748795,259.8771374,71.95368715,54.76367514,1016.439243,532.5452111,16831.14605
704,491.8470962,917.1783781,766.9748795,259.8771374,71.95368715,54.76367514,1016.439243,532.5452111,16831.14605
705,491.8470962,917.1783781,766.9748795,259.8771374,71.95368715,54.76367514,1016.439243,532.5452111,16831.14605
706,491.8470962,917.1783781,766.9748795,259.8771374,71.95368715,54.76367514,1016.439243,532.5452111,16831.14605
707,491.8470962,917.1783781,766.9748795,259.8771374,71.95368715,54.76367514,1016.439243,532.5452111,16831.14605
708,491.8470962,917.1783781,766.9748795,259.8771374,71.95368715,54.76367514,1016.439243,532.5452111,16831.14605
709,491.8470962,917.1783781,766.9748795,259.8771374,71.95368715,54.76367514,1016.439243,532.5452111,16831.14605
710,491.8470962,917.1783781,766.9748795,259.8771374,71.95368715,54.76367514,1016.439243,532.5452111,16831.14605
711,491.8470962,917.1783781,766.9748795,259.8771374,71.95368715,54.76367514,1016.439243,532.5452111,16831.14605
712,491.8470962,917.1783781,766.9748795,259.8771374,71.95368715,54.76367514,1016.439243,532.5452111,16831.14605
713,491.8470962,917.1783781,766.9748795,259.8771374,71.95368715,54.76367514,1016.439243,532.5452111,16831.14605
714,579.2926084,1123.806251,1000.766788,295.9550418,97.73257258,125.2166458,1020.355831,496.2269069,34644.31086
715,579.2926084,1123.806251,1000.766788,295.9550418,97.73257258,125.2166458,1020.355831,496.2269069,34644.31086
716,579.2926084,1123.806251,1000.766788,295.9550418,97.73257258,125.2166458,1020.355831,496.2269069,34644.31086
717,579.2926084,1123.806251,1000.766788,295.9550418,97.73257258,125.2166458,1020.355831,496.2269069,34644.31086
718,579.2926084,1123.806251,1000.766788,295.9550418,97.73257258,125.2166458,1020.355831,496.2269069,34644.31086
719,579.2926084,1123.806251,1000.766788,295.9550418,97.73257258,125.2166458,1020.355831,496.2269069,34644.31086
720,579.2926084,1123.806251,1000.766788,295.9550418,97.73257258,125.2166458,1020.355831,496.2269069,34644.31086
721,579.2926084,1123.806251,1000.766788,295.9550418,97.73257258,125.2166458,1020.355831,496.2269069,34644.31086
722,579.2926084,1123.806251,1000.766788,295.9550418,97.73257258,125.2166458,1020.355831,496.2269069,34644.31086
723,579.2926084,1123.806251,1000.766788,295.9550418,97.73257258,125.2166458,1020.355831,496.2269069,34644.31086
724,579.2926084,1123.806251,1000.766788,295.9550418,97.73257258,125.2166458,1020.355831,496.2269069,34644.31086
725,579.2926084,1123.806251,1000.766788,295.9550418,97.73257258,125.2166458,1020.355831,496.2269069,34644.31086
726,579.2926084,1123.806251,1000.766788,295.9550418,97.73257258,125.2166458,1020.355831,496.2269069,34644.31086
727,579.2926084,1123.806251,1000.766788,295.9550418,97.73257258,125.2166458,1020.355831,496.2269069,34644.31086
728,579.2926084,1123.806251,1000.766788,295.9550418,97.73257258,125.2166458,1020.355831,496.2269069,34644.31086
729,579.2926084,1123.806251,1000.766788,295.9550418,97.73257258,125.2166458,1020.355831,496.2269069,34644.31086
730,579.2926084,1123.806251,1000.766788,295.9550418,97.73257258,125.2166458,1020.355831,496.2269069,34644.31086
731,579.2926084,1123.806251,1000.766788,295.9550418,97.73257258,125.2166458,1020.355831,496.2269069,34644.31086
732,579.2926084,1123.806251,1000.766788,295.9550418,97.73257258,125.2166458,1020.355831,496.2269069,34644.31086
733,579.2926084,1123.806251,1000.766788,295.9550418,97.73257258,125.2166458,1020.355831,496.2269069,34644.31086
734,579.2926084,1123.806251,1000.766788,295.9550418,97.73257258,125.2166458,1020.355831,496.2269069,34644.31086
735,586.0116317,1142.926448,703.7437459,325.5392419,117.9593208,81.25619693,1665.268143,741.9465024,15170.59359
736,586.0116317,1142.926448,703.7437459,325.5392419,117.9593208,81.25619693,1665.268143,741.9465024,15170.59359
737,586.0116317,1142.926448,703.7437459,325.5392419,117.9593208,81.25619693,1665.268143,741.9465024,15170.59359
738,586.0116317,1142.926448,703.7437459,325.5392419,117.9593208,81.25619693,1665.268143,741.9465024,15170.59359
739,586.0116317,1142.926448,703.7437459,325.5392419,117.9593208,81.25619693,1665.268143,741.9465024,15170.59359
740,586.0116317,1142.926448,703.7437459,325.5392419,117.9593208,81.25619693,1665.268143,741.9465024,15170.59359
741,586.0116317,1142.926448,703.7437459,325.5392419,117.9593208,81.25619693,1665.268143,741.9465024,15170.59359
742,586.0116317,1142.926448,703.7437459,325.5392419,117.9593208,81.25619693,1665.268143,741.9465024,15170.59359
743,586.0116317,1142.926448,703.7437459,325.5392419,117.9593208,81.25619693,1665.268143,741.9465024,15170.59359
744,586.0116317,1142.926448,703.7437459,325.5392419,117.9593208,81.25619693,1665.268143,741.9465024,15170.59359
745,586.0116317,1142.926448,703.7437459,325.5392419,117.9593208,81.25619693,1665.268143,741.9465024,15170.59359
746,586.0116317,1142.926448,703.7437459,325.5392419,117.9593208,81.25619693,1665.268143,741.9465024,15170.59359
747,586.0116317,1142.926448,703.7437459,325.5392419,117.9593208,81.25619693,1665.268143,741.9465024,15170.59359
748,586.0116317,1142.926448,703.7437459,325.5392419,117.9593208,81.25619693,1665.268143,741.9465024,15170.59359
749,586.0116317,1142.926448,703.7437459,325.5392419,117.9593208,81.25619693,1665.268143,741.9465024,15170.59359
750,586.0116317,1142.926448,703.7437459,325.5392419,117.9593208,81.25619693,1665.268143,741.9465024,15170.59359
751,586.0116317,1142.926448,703.7437459,325.5392419,117.9593208,81.25619693,1665.268143,741.9465024,15170.59359
752,586.0116317,1142.926448,703.7437459,325.5392419,117.9593208,81.25619693,1665.268143,741.9465024,15170.59359
753,586.0116317,1142.926448,703.7437459,325.5392419,117.9593208,81.25619693,1665.268143,741.9465024,15170.59359
754,586.0116317,1142.926448,703.7437459,325.5392419,117.9593208,81.25619693,1665.268143,741.9465024,15170.59359
755,586.0116317,1142.926448,703.7437459,325.5392419,117.9593208,81.25619693,1665.268143,741.9465024,15170.59359
756,569.9130067,1038.698158,594.4790313,194.3390109,113.9766016,141.2674704,1515.431754,913.6580762,13730.88172
757,569.9130067,1038.698158,594.4790313,194.3390109,113.9766016,141.2674704,1515.431754,913.6580762,13730.88172
758,569.9130067,1038.698158,594.4790313,194.3390109,113.9766016,141.2674704,1515.431754,913.6580762,13730.88172
759,569.9130067,1038.698158,594.4790313,194.3390109,113.9766016,141.2674704,1515.431754,913.6580762,13730.88172
760,569.9130067,1038.698158,594.4790313,194.3390109,113.9766016,141.2674704,1515.431754,913.6580762,13730.88172
761,569.9130067,1038.698158,594.4790313,194.3390109,113.9766016,141.2674704,1515.431754,913.6580762,13730.88172
762,569.9130067,1038.698158,594.4790313,194.3390109,113.9766016,141.2674704,1515.431754,913.6580762,13730.88172
763,569.9130067,1038.698158,594.4790313,194.3390109,113.9766016,141.2674704,1515.431754,913.6580762,13730.88172
764,569.9130067,1038.698158,594.4790313,194.3390109,113.9766016,141.2674704,1515.431754,913.6580762,13730.88172
765,569.9130067,1038.698158,594.4790313,194.3390109,113.9766016,141.2674704,1515.431754,913.6580762,13730.88172
766,569.9130067,1038.698158,594.4790313,194.3390109,113.9766016,141.2674704,1515.431754,913.6580762,13730.88172
767,569.9130067,1038.698158,594.4790313,194.3390109,113.9766016,141.2674704,1515.431754,913.6580762,13730.88172
768,569.9130067,1038.698158,594.4790313,194.3390109,113.9766016,141.2674704,1515.431754,913.6580762,13730.88172
769,569.9130067,1038.698158,594.4790313,194.3390109,113.9766016,141.2674704,1515.431754,913.6580762,13730.88172
770,569.9130067,1038.698158,594.4790313,194.3390109,113.9766016,141.2674704,1515.431754,913.6580762,13730.88172
771,569.9130067,1038.698158,594.4790313,194.3390109,113.9766016,141.2674704,1515.431754,913.6580762,13730.88172
772,569.9130067,1038.698158,594.4790313,194.3390109,113.9766016,141.2674704,1515.431754,913.6580762,13730.88172
773,569.9130067,1038.698158,594.4790313,194.3390109,113.9766016,141.2674704,1515.431754,913.6580762,13730.88172
774,569.9130067,1038.698158,594.4790313,194.3390109,113.9766016,141.2674704,1515.431754,913.6580762,13730.88172
775,569.9130067,1038.698158,594.4790313,194.3390109,113.9766016,141.2674704,1515.431754,913.6580762,13730.88172
776,569.9130067,1038.698158,594.4790313,194.3390109,113.9766016,141.2674704,1515.431754,913.6580762,13730.88172
777,667.6834958,848.3271666,753.3001129,254.3603877,181.8965153,180.6674495,987.9568742,514.2330048,22835.97355
778,667.6834958,848.3271666,753.3001129,254.3603877,181.8965153,180.6674495,987.9568742,514.2330048,22835.97355
779,667.6834958,848.3271666,753.3001129,254.3603877,181.8965153,180.6674495,987.9568742,514.2330048,22835.97355
780,667.6834958,848.3271666,753.3001129,254.3603877,181.8965153,180.6674495,987.9568742,514.2330048,22835.97355
781,667.6834958,848.3271666,753.3001129,254.3603877,181.8965153,180.6674495,987.9568742,514.2330048,22835.97355
782,667.6834958,848.3271666,753.3001129,254.3603877,181.8965153,180.6674495,987.9568742,514.2330048,22835.97355
783,667.6834958,848.3271666,753.3001129,254.3603877,181.8965153,180.6674495,987.9568742,514.2330048,22835.97355
784,667.6834958,848.3271666,753.3001129,254.3603877,181.8965153,180.6674495,987.9568742,514.2330048,22835.97355
785,667.6834958,848.3271666,753.3001129,254.3603877,181.8965153,180.6674495,987.9568742,514.2330048,22835.97355
786,667.6834958,848.3271666,753.3001129,254.3603877,181.8965153,180.6674495,987.9568742,514.2330048,22835.97355
787,667.6834958,848.3271666,753.3001129,254.3603877,181.8965153,180.6674495,987.9568742,514.2330048,22835.97355
788,667.6834958,848.3271666,753.3001129,254.3603877,181.8965153,180.6674495,987.9568742,514.2330048,22835.97355
789,667.6834958,848.3271666,753.3001129,254.3603877,181.8965153,180.6674495,987.9568742,514.2330048,22835.97355
790,667.6834958,848.3271666,753.3001129,254.3603877,181.8965153,180.6674495,987.9568742,514.2330048,22835.97355
791,667.6834958,848.3271666,753.3001129,254.3603877,181.8965153,180.6674495,987.9568742,514.2330048,22835.97355
792,667.6834958,848.3271666,753.3001129,254.3603877,181.8965153,180.6674495,987.9568742,514.2330048,22835.97355
793,667.6834958,848.3271666,753.3001129,254.3603877,181.8965153,180.6674495,987.9568742,514.2330048,22835.97355
794,667.6834958,848.3271666,753.3001129,254.3603877,181.8965153,180.6674495,987.9568742,514.2330048,22835.97355
795,667.6834958,848.3271666,753.3001129,254.3603877,181.8965153,180.6674495,987.9568742,514.2330048,22835.97355
796,667.6834958,848.3271666,753.3001129,254.3603877,181.8965153,180.6674495,987.9568742,514.2330048,22835.97355
797,667.6834958,848.3271666,753.3001129,254.3603877,181.8965153,180.6674495,987.9568742,514.2330048,22835.97355
798,490.9141044,934.3726489,598.0349385,175.7833928,145.181896,183.9028665,1010.346437,1409.245814,16324.04017
799,490.9141044,934.3726489,598.0349385,175.7833928,145.181896,183.9028665,1010.346437,1409.245814,16324.04017
800,490.9141044,934.3726489,598.0349385,175.7833928,145.181896,183.9028665,1010.346437,1409.245814,16324.04017
801,490.9141044,934.3726489,598.0349385,175.7833928,145.181896,183.9028665,1010.346437,1409.245814,16324.04017
802,490.9141044,934.3726489,598.0349385,175.7833928,145.181896,183.9028665,1010.346437,1409.245814,16324.04017
803,490.9141044,934.3726489,598.0349385,175.7833928,145.181896,183.9028665,1010.346437,1409.245814,16324.04017
804,490.9141044,934.3726489,598.0349385,175.7833928,145.181896,183.9028665,1010.346437,1409.245814,16324.04017
805,490.9141044,934.3726489,598.0349385,175.7833928,145.181896,183.9028665,1010.346437,1409.245814,16324.04017
806,490.9141044,934.3726489,598.0349385,175.7833928,145.181896,183.9028665,1010.346437,1409.245814,16324.04017
807,490.9141044,934.3726489,598.0349385,175.7833928,145.181896,183.9028665,1010.346437,1409.245814,16324.04017
808,490.9141044,934.3726489,598.0349385,175.7833928,145.181896,183.9028665,1010.346437,1409.245814,16324.04017
809,490.9141044,934.3726489,598.0349385,175.7833928,145.181896,183.9028665,1010.346437,1409.245814,16324.04017
810,490.9141044,934.3726489,598.0349385,175.7833928,145.181896,183.9028665,1010.346437,1409.245814,16324.04017
811,490.9141044,934.3726489,598.0349385,175.7833928,145.181896,183.9028665,1010.346437,1409.245814,16324.04017
812,490.9141044,934.3726489,598.0349385,175.7833928,145.181896,183.9028665,1010.346437,1409.245814,16324.04017
813,490.9141044,934.3726489,598.0349385,175.7833928,145.181896,183.9028665,1010.346437,1409.245814,16324.04017
814,490.9141044,934.3726489,598.0349385,175.7833928,145.181896,183.9028665,1010.346437,1409.245814,16324.04017
815,490.9141044,934.3726489,598.0349385,175.7833928,145.181896,183.9028665,1010.346437,1409.245814,16324.04017
816,490.9141044,934.3726489,598.0349385,175.7833928,145.181896,183.9028665,1010.346437,1409.245814,16324.04017
817,490.9141044,934.3726489,598.0349385,175.7833928,145.181896,183.9028665,1010.346437,1409.245814,16324.04017
818,490.9141044,934.3726489,598.0349385,175.7833928,145.181896,183.9028665,1010.346437,1409.245814,16324.04017
819,326.4108453,695.3456378,569.5666538,544.8678134,103.3618316,87.28191149,1141.510075,866.3290309,26423.05328
820,326.4108453,695.3456378,569.5666538,544.8678134,103.3618316,87.28191149,1141.510075,866.3290309,26423.05328
821,326.4108453,695.3456378,569.5666538,544.8678134,103.3618316,87.28191149,1141.510075,866.3290309,26423.05328
822,326.4108453,695.3456378,569.5666538,544.8678134,103.3618316,87.28191149,1141.510075,866.3290309,26423.05328
823,326.4108453,695.3456378,569.5666538,544.8678134,103.3618316,87.28191149,1141.510075,866.3290309,26423.05328
824,326.4108453,695.3456378,569.5666538,544.8678134,103.3618316,87.28191149,1141.510075,866.3290309,26423.05328
825,326.4108453,695.3456378,569.5666538,544.8678134,103.3618316,87.28191149,1141.510075,866.3290309,26423.05328
826,326.4108453,695.3456378,569.5666538,544.8678134,103.3618316,87.28191149,1141.510075,866.3290309,26423.05328
827,326.4108453,695.3456378,569.5666538,544.8678134,103.3618316,87.28191149,1141.510075,866.3290309,26423.05328
828,326.4108453,695.3456378,569.5666538,544.8678134,103.3618316,87.28191149,1141.510075,866.3290309,26423.05328
829,326.4108453,695.3456378,569.5666538,544.8678134,103.3618316,87.28191149,1141.510075,866.3290309,26423.05328
830,326.4108453,695.3456378,569.5666538,544.8678134,103.3618316,87.28191149,1141.510075,866.3290309,26423.05328
831,326.4108453,695.3456378,569.5666538,544.8678134,103.3618316,87.28191149,1141.510075,866.3290309,26423.05328
832,326.4108453,695.3456378,569.5666538,544.8678134,103.3618316,87.28191149,1141.510075,866.3290309,26423.05328
833,326.4108453,695.3456378,569.5666538,544.8678134,103.3618316,87.28191149,1141.510075,866.3290309,26423.05328
834,326.4108453,695.3456378,569.5666538,544.8678134,103.3618316,87.28191149,1141.510075,866.3290309,26423.05328
835,326.4108453,695.3456378,569.5666538,544.8678134,103.3618316,87.28191149,1141.510075,866.3290309,26423.05328
836,326.4108453,695.3456378,569.5666538,544.8678134,103.3618316,87.28191149,1141.510075,866.3290309,26423.05328
837,326.4108453,695.3456378,569.5666538,544.8678134,103.3618316,87.28191149,1141.510075,866.3290309,26423.05328
838,326.4108453,695.3456378,569.5666538,544.8678134,103.3618316,87.28191149,1141.510075,866.3290309,26423.05328
839,326.4108453,695.3456378,569.5666538,544.8678134,103.3618316,87.28191149,1141.510075,866.3290309,26423.05328
840,290.298269,588.5884684,708.2081845,232.9526227,320.9902857,119.9304093,1410.06577,1105.692227,16524.71348
841,290.298269,588.5884684,708.2081845,232.9526227,320.9902857,119.9304093,1410.06577,1105.692227,16524.71348
842,290.298269,588.5884684,708.2081845,232.9526227,320.9902857,119.9304093,1410.06577,1105.692227,16524.71348
843,290.298269,588.5884684,708.2081845,232.9526227,320.9902857,119.9304093,1410.06577,1105.692227,16524.71348
844,290.298269,588.5884684,708.2081845,232.9526227,320.9902857,119.9304093,1410.06577,1105.692227,16524.71348
845,290.298269,588.5884684,708.2081845,232.9526227,320.9902857,119.9304093,1410.06577,1105.692227,16524.71348
846,290.298269,588.5884684,708.2081845,232.9526227,320.9902857,119.9304093,1410.06577,1105.692227,16524.71348
847,290.298269,588.5884684,708.2081845,232.9526227,320.9902857,119.9304093,1410.06577,1105.692227,16524.71348
848,290.298269,588.5884684,708.2081845,232.9526227,320.9902857,119.9304093,1410.06577,1105.692227,16524.71348
849,290.298269,588.5884684,708.2081845,232.9526227,320.9902857,119.9304093,1410.06577,1105.692227,16524.71348
850,290.298269,588.5884684,708.2081845,232.9526227,320.9902857,119.9304093,1410.06577,1105.692227,16524.71348
851,290.298269,588.5884684,708.2081845,232.9526227,320.9902857,119.9304093,1410.06577,1105.692227,16524.71348
852,290.298269,588.5884684,708.2081845,232.9526227,320.9902857,119.9304093,1410.06577,1105.692227,16524.71348
853,290.298269,588.5884684,708.2081845,232.9526227,320.9902857,119.9304093,1410.06577,1105.692227,16524.71348
854,290.298269,588.5884684,708.2081845,232.9526227,320.9902857,119.9304093,1410.06577,1105.692227,16524.71348
855,290.298269,588.5884684,708.2081845,232.9526227,320.9902857,119.9304093,1410.06577,1105.692227,16524.71348
856,290.298269,588.5884684,708.2081845,232.9526227,320.9902857,119.9304093,1410.06577,1105.692227,16524.71348
857,290.298269,588.5884684,708.2081845,232.9526227,320.9902857,119.9304093,1410.06577,1105.692227,16524.71348
858,290.298269,588.5884684,708.2081845,232.9526227,320.9902857,119.9304093,1410.06577,1105.692227,16524.71348
859,290.298269,588.5884684,708.2081845,232.9526227,320.9902857,119.9304093,1410.06577,1105.692227,16524.71348
860,290.298269,588.5884684,708.2081845,232.9526227,320.9902857,119.9304093,1410.06577,1105.692227,16524.71348
861,527.2215404,684.9057996,497.9835764,158.4926947,139.2909414,79.6999054,3147.680384,635.5018945,24035.34582
862,527.2215404,684.9057996,497.9835764,158.4926947,139.2909414,79.6999054,3147.680384,635.5018945,24035.34582
863,527.2215404,684.9057996,497.9835764,158.4926947,139.2909414,79.6999054,3147.680384,635.5018945,24035.34582
864,527.2215404,684.9057996,497.9835764,158.4926947,139.2909414,79.6999054,3147.680384,635.5018945,24035.34582
865,527.2215404,684.9057996,497.9835764,158.4926947,139.2909414,79.6999054,3147.680384,635.5018945,24035.34582
866,527.2215404,684.9057996,497.9835764,158.4926947,139.2909414,79.6999054,3147.680384,635.5018945,24035.34582
867,527.2215404,684.9057996,497.9835764,158.4926947,139.2909414,79.6999054,3147.680384,635.5018945,24035.34582
868,527.2215404,684.9057996,497.9835764,158.4926947,139.2909414,79.6999054,3147.680384,635.5018945,24035.34582
869,527.2215404,684.9057996,497.9835764,158.4926947,139.2909414,79.6999054,3147.680384,635.5018945,24035.34582
870,527.2215404,684.9057996,497.9835764,158.4926947,139.2909414,79.6999054,3147.680384,635.5018945,24035.34582
871,527.2215404,684.9057996,497.9835764,158.4926947,139.2909414,79.6999054,3147.680384,635.5018945,24035.34582
872,527.2215404,684.9057996,497.9835764,158.4926947,139.2909414,79.6999054,3147.680384,635.5018945,24035.34582
873,527.2215404,684.9057996,497.9835764,158.4926947,139.2909414,79.6999054,3147.680384,635.5018945,24035.34582
874,527.2215404,684.9057996,497.9835764,158.4926947,139.2909414,79.6999054,3147.680384,635.5018945,24035.34582
875,527.2215404,684.9057996,497.9835764,158.4926947,139.2909414,79.6999054,3147.680384,635.5018945,24035.34582
876,527.2215404,684.9057996,497.9835764,158.4926947,139.2909414,79.6999054,3147.680384,635.5018945,24035.34582
877,527.2215404,684.9057996,497.9835764,158.4926947,139.2909414,79.6999054,3147.680384,635.5018945,24035.34582
878,527.2215404,684.9057996,497.9835764,158.4926947,139.2909414,79.6999054,3147.680384,635.5018945,24035.34582
879,527.2215404,684.9057996,497.9835764,158.4926947,139.2909414,79.6999054,3147.680384,635.5018945,24035.34582
880,527.2215404,684.9057996,497.9835764,158.4926947,139.2909414,79.6999054,3147.680384,635.5018945,24035.34582
881,527.2215404,684.9057996,497.9835764,158.4926947,139.2909414,79.6999054,3147.680384,635.5018945,24035.34582
882,338.2689682,701.5189795,370.4730666,257.5629547,315.8448849,108.9009215,2250.222882,992.951829,36707.2821
883,338.2689682,701.5189795,370.4730666,257.5629547,315.8448849,108.9009215,2250.222882,992.951829,36707.2821
884,338.2689682,701.5189795,370.4730666,257.5629547,315.8448849,108.9009215,2250.222882,992.951829,36707.2821
885,338.2689682,701.5189795,370.4730666,257.5629547,315.8448849,108.9009215,2250.222882,992.951829,36707.2821
886,338.2689682,701.5189795,370.4730666,257.5629547,315.8448849,108.9009215,2250.222882,992.951829,36707.2821
887,338.2689682,701.5189795,370.4730666,257.5629547,315.8448849,108.9009215,2250.222882,992.951829,36707.2821
888,338.2689682,701.5189795,370.4730666,257.5629547,315.8448849,108.9009215,2250.222882,992.951829,36707.2821
889,338.2689682,701.5189795,370.4730666,257.5629547,315.8448849,108.9009215,2250.222882,992.951829,36707.2821
890,338.2689682,701.5189795,370.4730666,257.5629547,315.8448849,108.9009215,2250.222882,992.951829,36707.2821
891,338.2689682,701.5189795,370.4730666,257.5629547,315.8448849,108.9009215,2250.222882,992.951829,36707.2821
892,338.2689682,701.5189795,370.4730666,257.5629547,315.8448849,108.9009215,2250.222882,992.951829,36707.2821
893,338.2689682,701.5189795,370.4730666,257.5629547,315.8448849,108.9009215,2250.222882,992.951829,36707.2821
894,338.2689682,701.5189795,370.4730666,257.5629547,315.8448849,108.9009215,2250.222882,992.951829,36707.2821
895,338.2689682,701.5189795,370.4730666,257.5629547,315.8448849,108.9009215,2250.222882,992.951829,36707.2821
896,338.2689682,701.5189795,370.4730666,257.5629547,315.8448849,108.9009215,2250.222882,992.951829,36707.2821
897,338.2689682,701.5189795,370.4730666,257.5629547,315.8448849,108.9009215,2250.222882,992.951829,36707.2821
898,338.2689682,701.5189795,370.4730666,257.5629547,315.8448849,108.9009215,2250.222882,992.951829,36707.2821
899,338.2689682,701.5189795,370.4730666,257.5629547,315.8448849,108.9009215,2250.222882,992.951829,36707.2821
900,338.2689682,701.5189795,370.4730666,257.5629547,315.8448849,108.9009215,2250.222882,992.951829,36707.2821
901,338.2689682,701.5189795,370.4730666,257.5629547,315.8448849,108.9009215,2250.222882,992.951829,36707.2821
902,338.2689682,701.5189795,370.4730666,257.5629547,315.8448849,108.9009215,2250.222882,992.951829,36707.2821
903,309.6690055,879.2831778,644.2356382,88.2163,212.5034067,32.68031292,922.5423552,477.0120483,51092.53977
904,309.6690055,879.2831778,644.2356382,88.2163,212.5034067,32.68031292,922.5423552,477.0120483,51092.53977
905,309.6690055,879.2831778,644.2356382,88.2163,212.5034067,32.68031292,922.5423552,477.0120483,51092.53977
906,309.6690055,879.2831778,644.2356382,88.2163,212.5034067,32.68031292,922.5423552,477.0120483,51092.53977
907,309.6690055,879.2831778,644.2356382,88.2163,212.5034067,32.68031292,922.5423552,477.0120483,51092.53977
908,309.6690055,879.2831778,644.2356382,88.2163,212.5034067,32.68031292,922.5423552,477.0120483,51092.53977
909,309.6690055,879.2831778,644.2356382,88.2163,212.5034067,32.68031292,922.5423552,477.0120483,51092.53977
910,309.6690055,879.2831778,644.2356382,88.2163,212.5034067,32.68031292,922.5423552,477.0120483,51092.53977
911,309.6690055,879.2831778,644.2356382,88.2163,212.5034067,32.68031292,922.5423552,477.0120483,51092.53977
912,309.6690055,879.2831778,644.2356382,88.2163,212.5034067,32.68031292,922.5423552,477.0120483,51092.53977
913,309.6690055,879.2831778,644.2356382,88.2163,212.5034067,32.68031292,922.5423552,477.0120483,51092.53977
914,309.6690055,879.2831778,644.2356382,88.2163,212.5034067,32.68031292,922.5423552,477.0120483,51092.53977
915,309.6690055,879.2831778,644.2356382,88.2163,212.5034067,32.68031292,922.5423552,477.0120483,51092.53977
916,309.6690055,879.2831778,644.2356382,88.2163,212.5034067,32.68031292,922.5423552,477.0120483,51092.53977
917,309.6690055,879.2831778,644.2356382,88.2163,212.5034067,32.68031292,922.5423552,477.0120483,51092.53977
918,309.6690055,879.2831778,644.2356382,88.2163,212.5034067,32.68031292,922.5423552,477.0120483,51092.53977
919,309.6690055,879.2831778,644.2356382,88.2163,212.5034067,32.68031292,922.5423552,477.0120483,51092.53977
920,309.6690055,879.2831778,644.2356382,88.2163,212.5034067,32.68031292,922.5423552,477.0120483,51092.53977
921,309.6690055,879.2831778,644.2356382,88.2163,212.5034067,32.68031292,922.5423552,477.0120483,51092.53977
922,309.6690055,879.2831778,644.2356382,88.2163,212.5034067,32.68031292,922.5423552,477.0120483,51092.53977
923,309.6690055,879.2831778,644.2356382,88.2163,212.5034067,32.68031292,922.5423552,477.0120483,51092.53977
924,409.4655754,619.3568341,370.5661542,250.8572058,231.8245571,98.34526995,1022.106804,851.4889868,17033.46612
925,409.4655754,619.3568341,370.5661542,250.8572058,231.8245571,98.34526995,1022.106804,851.4889868,17033.46612
926,409.4655754,619.3568341,370.5661542,250.8572058,231.8245571,98.34526995,1022.106804,851.4889868,17033.46612
927,409.4655754,619.3568341,370.5661542,250.8572058,231.8245571,98.34526995,1022.106804,851.4889868,17033.46612
928,409.4655754,619.3568341,370.5661542,250.8572058,231.8245571,98.34526995,1022.106804,851.4889868,17033.46612
929,409.4655754,619.3568341,370.5661542,250.8572058,231.8245571,98.34526995,1022.106804,851.4889868,17033.46612
930,409.4655754,619.3568341,370.5661542,250.8572058,231.8245571,98.34526995,1022.106804,851.4889868,17033.46612
931,409.4655754,619.3568341,370.5661542,250.8572058,231.8245571,98.34526995,1022.106804,851.4889868,17033.46612
932,409.4655754,619.3568341,370.5661542,250.8572058,231.8245571,98.34526995,1022.106804,851.4889868,17033.46612
933,409.4655754,619.3568341,370.5661542,250.8572058,231.8245571,98.34526995,1022.106804,851.4889868,17033.46612
934,409.4655754,619.3568341,370.5661542,250.8572058,231.8245571,98.34526995,1022.106804,851.4889868,17033.46612
935,409.4655754,619.3568341,370.5661542,250.8572058,231.8245571,98.34526995,1022.106804,851.4889868,17033.46612
936,409.4655754,619.3568341,370.5661542,250.8572058,231.8245571,98.34526995,1022.106804,851.4889868,17033.46612
937,409.4655754,619.3568341,370.5661542,250.8572058,231.8245571,98.34526995,1022.106804,851.4889868,17033.46612
938,409.4655754,619.3568341,370.5661542,250.8572058,231.8245571,98.34526995,1022.106804,851.4889868,17033.46612
939,409.4655754,619.3568341,370.5661542,250.8572058,231.8245571,98.34526995,1022.106804,851.4889868,17033.46612
940,409.4655754,619.3568341,370.5661542,250.8572058,231.8245571,98.34526995,1022.106804,851.4889868,17033.46612
941,409.4655754,619.3568341,370.5661542,250.8572058,231.8245571,98.34526995,1022.106804,851.4889868,17033.46612
942,409.4655754,619.3568341,370.5661542,250.8572058,231.8245571,98.34526995,1022.106804,851.4889868,17033.46612
943,409.4655754,619.3568341,370.5661542,250.8572058,231.8245571,98.34526995,1022.106804,851.4889868,17033.46612
944,409.4655754,619.3568341,370.5661542,250.8572058,231.8245571,98.34526995,1022.106804,851.4889868,17033.46612
945,392.3810537,565.1679823,610.7107217,178.063979,199.5059646,42.72408643,2000.791679,513.4157991,25873.14806
946,392.3810537,565.1679823,610.7107217,178.063979,199.5059646,42.72408643,2000.791679,513.4157991,25873.14806
947,392.3810537,565.1679823,610.7107217,178.063979,199.5059646,42.72408643,2000.791679,513.4157991,25873.14806
948,392.3810537,565.1679823,610.7107217,178.063979,199.5059646,42.72408643,2000.791679,513.4157991,25873.14806
949,392.3810537,565.1679823,610.7107217,178.063979,199.5059646,42.72408643,2000.791679,513.4157991,25873.14806
950,392.3810537,565.1679823,610.7107217,178.063979,199.5059646,42.72408643,2000.791679,513.4157991,25873.14806
951,392.3810537,565.1679823,610.7107217,178.063979,199.5059646,42.72408643,2000.791679,513.4157991,25873.14806
952,392.3810537,565.1679823,610.7107217,178.063979,199.5059646,42.72408643,2000.791679,513.4157991,25873.14806
953,392.3810537,565.1679823,610.7107217,178.063979,199.5059646,42.72408643,2000.791679,513.4157991,25873.14806
954,392.3810537,565.1679823,610.7107217,178.063979,199.5059646,42.72408643,2000.791679,513.4157991,25873.14806
955,392.3810537,565.1679823,610.7107217,178.063979,199.5059646,42.72408643,2000.791679,513.4157991,25873.14806
956,392.3810537,565.1679823,610.7107217,178.063979,199.5059646,42.72408643,2000.791679,513.4157991,25873.14806
957,392.3810537,565.1679823,610.7107217,178.063979,199.5059646,42.72408643,2000.791679,513.4157991,25873.14806
958,392.3810537,565.1679823,610.7107217,178.063979,199.5059646,42.72408643,2000.791679,513.4157991,25873.14806
959,392.3810537,565.1679823,610.7107217,178.063979,199.5059646,42.72408643,2000.791679,513.4157991,25873.14806
960,392.3810537,565.1679823,610.7107217,178.063979,199.5059646,42.72408643,2000.791679,513.4157991,25873.14806
961,392.3810537,565.1679823,610.7107217,178.063979,199.5059646,42.72408643,2000.791679,513.4157991,25873.14806
962,392.3810537,565.1679823,610.7107217,178.063979,199.5059646,42.72408643,2000.791679,513.4157991,25873.14806
963,392.3810537,565.1679823,610.7107217,178.063979,199.5059646,42.72408643,2000.791679,513.4157991,25873.14806
964,392.3810537,565.1679823,610.7107217,178.063979,199.5059646,42.72408643,2000.791679,513.4157991,25873.14806
965,392.3810537,565.1679823,610.7107217,178.063979,199.5059646,42.72408643,2000.791679,513.4157991,25873.14806
966,247.373591,849.4581643,466.2218249,114.465616,163.3774154,97.51819631,1592.473221,744.8710919,30255.91551
967,247.373591,849.4581643,466.2218249,114.465616,163.3774154,97.51819631,1592.473221,744.8710919,30255.91551
968,247.373591,849.4581643,466.2218249,114.465616,163.3774154,97.51819631,1592.473221,744.8710919,30255.91551
969,247.373591,849.4581643,466.2218249,114.465616,163.3774154,97.51819631,1592.473221,744.8710919,30255.91551
970,247.373591,849.4581643,466.2218249,114.465616,163.3774154,97.51819631,1592.473221,744.8710919,30255.91551
971,247.373591,849.4581643,466.2218249,114.465616,163.3774154,97.51819631,1592.473221,744.8710919,30255.91551
972,247.373591,849.4581643,466.2218249,114.465616,163.3774154,97.51819631,1592.473221,744.8710919,30255.91551
973,247.373591,849.4581643,466.2218249,114.465616,163.3774154,97.51819631,1592.473221,744.8710919,30255.91551
974,247.373591,849.4581643,466.2218249,114.465616,163.3774154,97.51819631,1592.473221,744.8710919,30255.91551
975,247.373591,849.4581643,466.2218249,114.465616,163.3774154,97.51819631,1592.473221,744.8710919,30255.91551
976,247.373591,849.4581643,466.2218249,114.465616,163.3774154,97.51819631,1592.473221,744.8710919,30255.91551
977,247.373591,849.4581643,466.2218249,114.465616,163.3774154,97.51819631,1592.473221,744.8710919,30255.91551
978,247.373591,849.4581643,466.2218249,114.465616,163.3774154,97.51819631,1592.473221,744.8710919,30255.91551
979,247.373591,849.4581643,466.2218249,114.465616,163.3774154,97.51819631,1592.473221,744.8710919,30255.91551
980,247.373591,849.4581643,466.2218249,114.465616,163.3774154,97.51819631,1592.473221,744.8710919,30255.91551
981,247.373591,849.4581643,466.2218249,114.465616,163.3774154,97.51819631,1592.473221,744.8710919,30255.91551
982,247.373591,849.4581643,466.2218249,114.465616,163.3774154,97.51819631,1592.473221,744.8710919,30255.91551
983,247.373591,849.4581643,466.2218249,114.465616,163.3774154,97.51819631,1592.473221,744.8710919,30255.91551
984,247.373591,849.4581643,466.2218249,114.465616,163.3774154,97.51819631,1592.473221,744.8710919,30255.91551
985,247.373591,849.4581643,466.2218249,114.465616,163.3774154,97.51819631,1592.473221,744.8710919,30255.91551
986,247.373591,849.4581643,466.2218249,114.465616,163.3774154,97.51819631,1592.473221,744.8710919,30255.91551
987,412.703609,781.2129415,673.1628624,140.3019513,277.3848125,95.68740215,1069.666895,928.6015587,23989.841
988,412.703609,781.2129415,673.1628624,140.3019513,277.3848125,95.68740215,1069.666895,928.6015587,23989.841
989,412.703609,781.2129415,673.1628624,140.3019513,277.3848125,95.68740215,1069.666895,928.6015587,23989.841
990,412.703609,781.2129415,673.1628624,140.3019513,277.3848125,95.68740215,1069.666895,928.6015587,23989.841
991,412.703609,781.2129415,673.1628624,140.3019513,277.3848125,95.68740215,1069.666895,928.6015587,23989.841
992,412.703609,781.2129415,673.1628624,140.3019513,277.3848125,95.68740215,1069.666895,928.6015587,23989.841
993,412.703609,781.2129415,673.1628624,140.3019513,277.3848125,95.68740215,1069.666895,928.6015587,23989.841
994,412.703609,781.2129415,673.1628624,140.3019513,277.3848125,95.68740215,1069.666895,928.6015587,23989.841
995,412.703609,781.2129415,673.1628624,140.3019513,277.3848125,95.68740215,1069.666895,928.6015587,23989.841
996,412.703609,781.2129415,673.1628624,140.3019513,277.3848125,95.68740215,1069.666895,928.6015587,23989.841
997,412.703609,781.2129415,673.1628624,140.3019513,277.3848125,95.68740215,1069.666895,928.6015587,23989.841
998,412.703609,781.2129415,673.1628624,140.3019513,277.3848125,95.68740215,1069.666895,928.6015587,23989.841
999,412.703609,781.2129415,673.1628624,140.3019513,277.3848125,95.68740215,1069.666895,928.6015587,23989.841
1000,412.703609,781.2129415,673.1628624,140.3019513,277.3848125,95.68740215,1069.666895,928.6015587,23989.841
1001,412.703609,781.2129415,673.1628624,140.3019513,277.3848125,95.68740215,1069.666895,928.6015587,23989.841
1002,412.703609,781.2129415,673.1628624,140.3019513,277.3848125,95.68740215,1069.666895,928.6015587,23989.841
1003,412.703609,781.2129415,673.1628624,140.3019513,277.3848125,95.68740215,1069.666895,928.6015587,23989.841
1004,412.703609,781.2129415,673.1628624,140.3019513,277.3848125,95.68740215,1069.666895,928.6015587,23989.841
1005,412.703609,781.2129415,673.1628624,140.3019513,277.3848125,95.68740215,1069.666895,928.6015587,23989.841
1006,412.703609,781.2129415,673.1628624,140.3019513,277.3848125,95.68740215,1069.666895,928.6015587,23989.841
1007,412.703609,781.2129415,673.1628624,140.3019513,277.3848125,95.68740215,1069.666895,928.6015587,23989.841
1008,364.162086,851.0105413,300.5385464,83.48951455,133.3975569,39.74984194,1423.836779,1006.188836,24450.53689
1009,364.162086,851.0105413,300.5385464,83.48951455,133.3975569,39.74984194,1423.836779,1006.188836,24450.53689
1010,364.162086,851.0105413,300.5385464,83.48951455,133.3975569,39.74984194,1423.836779,1006.188836,24450.53689
1011,364.162086,851.0105413,300.5385464,83.48951455,133.3975569,39.74984194,1423.836779,1006.188836,24450.53689
1012,364.162086,851.0105413,300.5385464,83.48951455,133.3975569,39.74984194,1423.836779,1006.188836,24450.53689
1013,364.162086,851.0105413,300.5385464,83.48951455,133.3975569,39.74984194,1423.836779,1006.188836,24450.53689
1014,364.162086,851.0105413,300.5385464,83.48951455,133.3975569,39.74984194,1423.836779,1006.188836,24450.53689
1015,364.162086,851.0105413,300.5385464,83.48951455,133.3975569,39.74984194,1423.836779,1006.188836,24450.53689
1016,364.162086,851.0105413,300.5385464,83.48951455,133.3975569,39.74984194,1423.836779,1006.188836,24450.53689
1017,364.162086,851.0105413,300.5385464,83.48951455,133.3975569,39.74984194,1423.836779,1006.188836,24450.53689
1018,364.162086,851.0105413,300.5385464,83.48951455,133.3975569,39.74984194,1423.836779,1006.188836,24450.53689
1019,364.162086,851.0105413,300.5385464,83.48951455,133.3975569,39.74984194,1423.836779,1006.188836,24450.53689
1020,364.162086,851.0105413,300.5385464,83.48951455,133.3975569,39.74984194,1423.836779,1006.188836,24450.53689
1021,364.162086,851.0105413,300.5385464,83.48951455,133.3975569,39.74984194,1423.836779,1006.188836,24450.53689
1022,364.162086,851.0105413,300.5385464,83.48951455,133.3975569,39.74984194,1423.836779,1006.188836,24450.53689
1023,364.162086,851.0105413,300.5385464,83.48951455,133.3975569,39.74984194,1423.836779,1006.188836,24450.53689
1024,364.162086,851.0105413,300.5385464,83.48951455,133.3975569,39.74984194,1423.836779,1006.188836,24450.53689
1025,364.162086,851.0105413,300.5385464,83.48951455,133.3975569,39.74984194,1423.836779,1006.188836,24450.53689
1026,364.162086,851.0105413,300.5385464,83.48951455,133.3975569,39.74984194,1423.836779,1006.188836,24450.53689
1027,364.162086,851.0105413,300.5385464,83.48951455,133.3975569,39.74984194,1423.836779,1006.188836,24450.53689
1028,364.162086,851.0105413,300.5385464,83.48951455,133.3975569,39.74984194,1423.836779,1006.188836,24450.53689
1029,443.1235868,611.7299745,434.206748,97.7111528,255.7163131,60.35512076,1677.671971,1218.333521,20812.2106
1030,443.1235868,611.7299745,434.206748,97.7111528,255.7163131,60.35512076,1677.671971,1218.333521,20812.2106
1031,443.1235868,611.7299745,434.206748,97.7111528,255.7163131,60.35512076,1677.671971,1218.333521,20812.2106
1032,443.1235868,611.7299745,434.206748,97.7111528,255.7163131,60.35512076,1677.671971,1218.333521,20812.2106
1033,443.1235868,611.7299745,434.206748,97.7111528,255.7163131,60.35512076,1677.671971,1218.333521,20812.2106
1034,443.1235868,611.7299745,434.206748,97.7111528,255.7163131,60.35512076,1677.671971,1218.333521,20812.2106
1035,443.1235868,611.7299745,434.206748,97.7111528,255.7163131,60.35512076,1677.671971,1218.333521,20812.2106
1036,443.1235868,611.7299745,434.206748,97.7111528,255.7163131,60.35512076,1677.671971,1218.333521,20812.2106
1037,443.1235868,611.7299745,434.206748,97.7111528,255.7163131,60.35512076,1677.671971,1218.333521,20812.2106
1038,443.1235868,611.7299745,434.206748,97.7111528,255.7163131,60.35512076,1677.671971,1218.333521,20812.2106
1039,443.1235868,611.7299745,434.206748,97.7111528,255.7163131,60.35512076,1677.671971,1218.333521,20812.2106
1040,443.1235868,611.7299745,434.206748,97.7111528,255.7163131,60.35512076,1677.671971,1218.333521,20812.2106
1041,443.1235868,611.7299745,434.206748,97.7111528,255.7163131,60.35512076,1677.671971,1218.333521,20812.2106
1042,443.1235868,611.7299745,434.206748,97.7111528,255.7163131,60.35512076,1677.671971,1218.333521,20812.2106
1043,443.1235868,611.7299745,434.206748,97.7111528,255.7163131,60.35512076,1677.671971,1218.333521,20812.2106
1044,443.1235868,611.7299745,434.206748,97.7111528,255.7163131,60.35512076,1677.671971,1218.333521,20812.2106
1045,443.1235868,611.7299745,434.206748,97.7111528,255.7163131,60.35512076,1677.671971,1218.333521,20812.2106
1046,443.1235868,611.7299745,434.206748,97.7111528,255.7163131,60.35512076,1677.671971,1218.333521,20812.2106
1047,443.1235868,611.7299745,434.206748,97.7111528,255.7163131,60.35512076,1677.671971,1218.333521,20812.2106
1048,443.1235868,611.7299745,434.206748,97.7111528,255.7163131,60.35512076,1677.671971,1218.333521,20812.2106
1049,443.1235868,611.7299745,434.206748,97.7111528,255.7163131,60.35512076,1677.671971,1218.333521,20812.2106
1050,376.7022487,416.4825891,530.6107828,98.12690986,123.4824781,67.20662622,1236.08756,908.3572147,19074.75418
1051,376.7022487,416.4825891,530.6107828,98.12690986,123.4824781,67.20662622,1236.08756,908.3572147,19074.75418
1052,376.7022487,416.4825891,530.6107828,98.12690986,123.4824781,67.20662622,1236.08756,908.3572147,19074.75418
1053,376.7022487,416.4825891,530.6107828,98.12690986,123.4824781,67.20662622,1236.08756,908.3572147,19074.75418
1054,376.7022487,416.4825891,530.6107828,98.12690986,123.4824781,67.20662622,1236.08756,908.3572147,19074.75418
1055,376.7022487,416.4825891,530.6107828,98.12690986,123.4824781,67.20662622,1236.08756,908.3572147,19074.75418
1056,376.7022487,416.4825891,530.6107828,98.12690986,123.4824781,67.20662622,1236.08756,908.3572147,19074.75418
1057,376.7022487,416.4825891,530.6107828,98.12690986,123.4824781,67.20662622,1236.08756,908.3572147,19074.75418
1058,376.7022487,416.4825891,530.6107828,98.12690986,123.4824781,67.20662622,1236.08756,908.3572147,19074.75418
1059,376.7022487,416.4825891,530.6107828,98.12690986,123.4824781,67.20662622,1236.08756,908.3572147,19074.75418
1060,376.7022487,416.4825891,530.6107828,98.12690986,123.4824781,67.20662622,1236.08756,908.3572147,19074.75418
1061,376.7022487,416.4825891,530.6107828,98.12690986,123.4824781,67.20662622,1236.08756,908.3572147,19074.75418
1062,376.7022487,416.4825891,530.6107828,98.12690986,123.4824781,67.20662622,1236.08756,908.3572147,19074.75418
1063,376.7022487,416.4825891,530.6107828,98.12690986,123.4824781,67.20662622,1236.08756,908.3572147,19074.75418
1064,376.7022487,416.4825891,530.6107828,98.12690986,123.4824781,67.20662622,1236.08756,908.3572147,19074.75418
1065,376.7022487,416.4825891,530.6107828,98.12690986,123.4824781,67.20662622,1236.08756,908.3572147,19074.75418
1066,376.7022487,416.4825891,530.6107828,98.12690986,123.4824781,67.20662622,1236.08756,908.3572147,19074.75418
1067,376.7022487,416.4825891,530.6107828,98.12690986,123.4824781,67.20662622,1236.08756,908.3572147,19074.75418
1068,376.7022487,416.4825891,530.6107828,98.12690986,123.4824781,67.20662622,1236.08756,908.3572147,19074.75418
1069,376.7022487,416.4825891,530.6107828,98.12690986,123.4824781,67.20662622,1236.08756,908.3572147,19074.75418
1070,376.7022487,416.4825891,530.6107828,98.12690986,123.4824781,67.20662622,1236.08756,908.3572147,19074.75418
1071,377.5151714,420.8345668,424.3836655,42.38163735,143.0151536,49.89135942,1112.170794,1511.004124,30572.21408
1072,377.5151714,420.8345668,424.3836655,42.38163735,143.0151536,49.89135942,1112.170794,1511.004124,30572.21408
1073,377.5151714,420.8345668,424.3836655,42.38163735,143.0151536,49.89135942,1112.170794,1511.004124,30572.21408
1074,377.5151714,420.8345668,424.3836655,42.38163735,143.0151536,49.89135942,1112.170794,1511.004124,30572.21408
1075,377.5151714,420.8345668,424.3836655,42.38163735,143.0151536,49.89135942,1112.170794,1511.004124,30572.21408
1076,377.5151714,420.8345668,424.3836655,42.38163735,143.0151536,49.89135942,1112.170794,1511.004124,30572.21408
1077,377.5151714,420.8345668,424.3836655,42.38163735,143.0151536,49.89135942,1112.170794,1511.004124,30572.21408
1078,377.5151714,420.8345668,424.3836655,42.38163735,143.0151536,49.89135942,1112.170794,1511.004124,30572.21408
1079,377.5151714,420.8345668,424.3836655,42.38163735,143.0151536,49.89135942,1112.170794,1511.004124,30572.21408
1080,377.5151714,420.8345668,424.3836655,42.38163735,143.0151536,49.89135942,1112.170794,1511.004124,30572.21408
1081,377.5151714,420.8345668,424.3836655,42.38163735,143.0151536,49.89135942,1112.170794,1511.004124,30572.21408
1082,377.5151714,420.8345668,424.3836655,42.38163735,143.0151536,49.89135942,1112.170794,1511.004124,30572.21408
1083,377.5151714,420.8345668,424.3836655,42.38163735,143.0151536,49.89135942,1112.170794,1511.004124,30572.21408
1084,377.5151714,420.8345668,424.3836655,42.38163735,143.0151536,49.89135942,1112.170794,1511.004124,30572.21408
1085,377.5151714,420.8345668,424.3836655,42.38163735,143.0151536,49.89135942,1112.170794,1511.004124,30572.21408
1086,377.5151714,420.8345668,424.3836655,42.38163735,143.0151536,49.89135942,1112.170794,1511.004124,30572.21408
1087,377.5151714,420.8345668,424.3836655,42.38163735,143.0151536,49.89135942,1112.170794,1511.004124,30572.21408
1088,377.5151714,420.8345668,424.3836655,42.38163735,143.0151536,49.89135942,1112.170794,1511.004124,30572.21408
1089,377.5151714,420.8345668,424.3836655,42.38163735,143.0151536,49.89135942,1112.170794,1511.004124,30572.21408
1090,377.5151714,420.8345668,424.3836655,42.38163735,143.0151536,49.89135942,1112.170794,1511.004124,30572.21408
1091,377.5151714,420.8345668,424.3836655,42.38163735,143.0151536,49.89135942,1112.170794,1511.004124,30572.21408
1092,323.6734095,658.3602128,661.8646425,153.9506499,128.2408733,89.53634871,1523.254826,1420.099576,31200.27979
1093,323.6734095,658.3602128,661.8646425,153.9506499,128.2408733,89.53634871,1523.254826,1420.099576,31200.27979
1094,323.6734095,658.3602128,661.8646425,153.9506499,128.2408733,89.53634871,1523.254826,1420.099576,31200.27979
1095,323.6734095,658.3602128,661.8646425,153.9506499,128.2408733,89.53634871,1523.254826,1420.099576,31200.27979
1096,323.6734095,658.3602128,661.8646425,153.9506499,128.2408733,89.53634871,1523.254826,1420.099576,31200.27979
1097,323.6734095,658.3602128,661.8646425,153.9506499,128.2408733,89.53634871,1523.254826,1420.099576,31200.27979
1098,323.6734095,658.3602128,661.8646425,153.9506499,128.2408733,89.53634871,1523.254826,1420.099576,31200.27979
1099,323.6734095,658.3602128,661.8646425,153.9506499,128.2408733,89.53634871,1523.254826,1420.099576,31200.27979
1100,323.6734095,658.3602128,661.8646425,153.9506499,128.2408733,89.53634871,1523.254826,1420.099576,31200.27979
1101,323.6734095,658.3602128,661.8646425,153.9506499,128.2408733,89.53634871,1523.254826,1420.099576,31200.27979
1102,323.6734095,658.3602128,661.8646425,153.9506499,128.2408733,89.53634871,1523.254826,1420.099576,31200.27979
1103,323.6734095,658.3602128,661.8646425,153.9506499,128.2408733,89.53634871,1523.254826,1420.099576,31200.27979
1104,323.6734095,658.3602128,661.8646425,153.9506499,128.2408733,89.53634871,1523.254826,1420.099576,31200.27979
1105,323.6734095,658.3602128,661.8646425,153.9506499,128.2408733,89.53634871,1523.254826,1420.099576,31200.27979
1106,323.6734095,658.3602128,661.8646425,153.9506499,128.2408733,89.53634871,1523.254826,1420.099576,31200.27979
1107,323.6734095,658.3602128,661.8646425,153.9506499,128.2408733,89.53634871,1523.254826,1420.099576,31200.27979
1108,323.6734095,658.3602128,661.8646425,153.9506499,128.2408733,89.53634871,1523.254826,1420.099576,31200.27979
1109,323.6734095,658.3602128,661.8646425,153.9506499,128.2408733,89.53634871,1523.254826,1420.099576,31200.27979
1110,323.6734095,658.3602128,661.8646425,153.9506499,128.2408733,89.53634871,1523.254826,1420.099576,31200.27979
1111,323.6734095,658.3602128,661.8646425,153.9506499,128.2408733,89.53634871,1523.254826,1420.099576,31200.27979
1112,323.6734095,658.3602128,661.8646425,153.9506499,128.2408733,89.53634871,1523.254826,1420.099576,31200.27979
1113,1279.752417,404.0962433,350.9408844,67.64065213,230.9150953,29.58089686,1410.40089,1664.523588,41534.43853
1114,1279.752417,404.0962433,350.9408844,67.64065213,230.9150953,29.58089686,1410.40089,1664.523588,41534.43853
1115,1279.752417,404.0962433,350.9408844,67.64065213,230.9150953,29.58089686,1410.40089,1664.523588,41534.43853
1116,1279.752417,404.0962433,350.9408844,67.64065213,230.9150953,29.58089686,1410.40089,1664.523588,41534.43853
1117,1279.752417,404.0962433,350.9408844,67.64065213,230.9150953,29.58089686,1410.40089,1664.523588,41534.43853
1118,1279.752417,404.0962433,350.9408844,67.64065213,230.9150953,29.58089686,1410.40089,1664.523588,41534.43853
1119,1279.752417,404.0962433,350.9408844,67.64065213,230.9150953,29.58089686,1410.40089,1664.523588,41534.43853
1120,1279.752417,404.0962433,350.9408844,67.64065213,230.9150953,29.58089686,1410.40089,1664.523588,41534.43853
1121,1279.752417,404.0962433,350.9408844,67.64065213,230.9150953,29.58089686,1410.40089,1664.523588,41534.43853
1122,1279.752417,404.0962433,350.9408844,67.64065213,230.9150953,29.58089686,1410.40089,1664.523588,41534.43853
1123,1279.752417,404.0962433,350.9408844,67.64065213,230.9150953,29.58089686,1410.40089,1664.523588,41534.43853
1124,1279.752417,404.0962433,350.9408844,67.64065213,230.9150953,29.58089686,1410.40089,1664.523588,41534.43853
1125,1279.752417,404.0962433,350.9408844,67.64065213,230.9150953,29.58089686,1410.40089,1664.523588,41534.43853
1126,1279.752417,404.0962433,350.9408844,67.64065213,230.9150953,29.58089686,1410.40089,1664.523588,41534.43853
1127,1279.752417,404.0962433,350.9408844,67.64065213,230.9150953,29.58089686,1410.40089,1664.523588,41534.43853
1128,1279.752417,404.0962433,350.9408844,67.64065213,230.9150953,29.58089686,1410.40089,1664.523588,41534.43853
1129,1279.752417,404.0962433,350.9408844,67.64065213,230.9150953,29.58089686,1410.40089,1664.523588,41534.43853
1130,1279.752417,404.0962433,350.9408844,67.64065213,230.9150953,29.58089686,1410.40089,1664.523588,41534.43853
1131,1279.752417,404.0962433,350.9408844,67.64065213,230.9150953,29.58089686,1410.40089,1664.523588,41534.43853
1132,1279.752417,404.0962433,350.9408844,67.64065213,230.9150953,29.58089686,1410.40089,1664.523588,41534.43853
1133,1279.752417,404.0962433,350.9408844,67.64065213,230.9150953,29.58089686,1410.40089,1664.523588,41534.43853
1134,276.4125023,366.756521,535.9863268,143.0236009,125.4692105,58.7832485,1348.646604,2090.881776,23202.6255
1135,276.4125023,366.756521,535.9863268,143.0236009,125.4692105,58.7832485,1348.646604,2090.881776,23202.6255
1136,276.4125023,366.756521,535.9863268,143.0236009,125.4692105,58.7832485,1348.646604,2090.881776,23202.6255
1137,276.4125023,366.756521,535.9863268,143.0236009,125.4692105,58.7832485,1348.646604,2090.881776,23202.6255
1138,276.4125023,366.756521,535.9863268,143.0236009,125.4692105,58.7832485,1348.646604,2090.881776,23202.6255
1139,276.4125023,366.756521,535.9863268,143.0236009,125.4692105,58.7832485,1348.646604,2090.881776,23202.6255
1140,276.4125023,366.756521,535.9863268,143.0236009,125.4692105,58.7832485,1348.646604,2090.881776,23202.6255
1141,276.4125023,366.756521,535.9863268,143.0236009,125.4692105,58.7832485,1348.646604,2090.881776,23202.6255
1142,276.4125023,366.756521,535.9863268,143.0236009,125.4692105,58.7832485,1348.646604,2090.881776,23202.6255
1143,276.4125023,366.756521,535.9863268,143.0236009,125.4692105,58.7832485,1348.646604,2090.881776,23202.6255
1144,276.4125023,366.756521,535.9863268,143.0236009,125.4692105,58.7832485,1348.646604,2090.881776,23202.6255
1145,276.4125023,366.756521,535.9863268,143.0236009,125.4692105,58.7832485,1348.646604,2090.881776,23202.6255
1146,276.4125023,366.756521,535.9863268,143.0236009,125.4692105,58.7832485,1348.646604,2090.881776,23202.6255
1147,276.4125023,366.756521,535.9863268,143.0236009,125.4692105,58.7832485,1348.646604,2090.881776,23202.6255
1148,276.4125023,366.756521,535.9863268,143.0236009,125.4692105,58.7832485,1348.646604,2090.881776,23202.6255
1149,276.4125023,366.756521,535.9863268,143.0236009,125.4692105,58.7832485,1348.646604,2090.881776,23202.6255
1150,276.4125023,366.756521,535.9863268,143.0236009,125.4692105,58.7832485,1348.646604,2090.881776,23202.6255
1151,276.4125023,366.756521,535.9863268,143.0236009,125.4692105,58.7832485,1348.646604,2090.881776,23202.6255
1152,276.4125023,366.756521,535.9863268,143.0236009,125.4692105,58.7832485,1348.646604,2090.881776,23202.6255
1153,276.4125023,366.756521,535.9863268,143.0236009,125.4692105,58.7832485,1348.646604,2090.881776,23202.6255
1154,276.4125023,366.756521,535.9863268,143.0236009,125.4692105,58.7832485,1348.646604,2090.881776,23202.6255
1155,270.3398566,324.233753,476.5733835,73.9596998,126.6016441,31.63819048,1319.803578,1287.095482,24312.05991
1156,270.3398566,324.233753,476.5733835,73.9596998,126.6016441,31.63819048,1319.803578,1287.095482,24312.05991
1157,270.3398566,324.233753,476.5733835,73.9596998,126.6016441,31.63819048,1319.803578,1287.095482,24312.05991
1158,270.3398566,324.233753,476.5733835,73.9596998,126.6016441,31.63819048,1319.803578,1287.095482,24312.05991
1159,270.3398566,324.233753,476.5733835,73.9596998,126.6016441,31.63819048,1319.803578,1287.095482,24312.05991
1160,270.3398566,324.233753,476.5733835,73.9596998,126.6016441,31.63819048,1319.803578,1287.095482,24312.05991
1161,270.3398566,324.233753,476.5733835,73.9596998,126.6016441,31.63819048,1319.803578,1287.095482,24312.05991
1162,270.3398566,324.233753,476.5733835,73.9596998,126.6016441,31.63819048,1319.803578,1287.095482,24312.05991
1163,270.3398566,324.233753,476.5733835,73.9596998,126.6016441,31.63819048,1319.803578,1287.095482,24312.05991
1164,270.3398566,324.233753,476.5733835,73.9596998,126.6016441,31.63819048,1319.803578,1287.095482,24312.05991
1165,270.3398566,324.233753,476.5733835,73.9596998,126.6016441,31.63819048,1319.803578,1287.095482,24312.05991
1166,270.3398566,324.233753,476.5733835,73.9596998,126.6016441,31.63819048,1319.803578,1287.095482,24312.05991
1167,270.3398566,324.233753,476.5733835,73.9596998,126.6016441,31.63819048,1319.803578,1287.095482,24312.05991
1168,270.3398566,324.233753,476.5733835,73.9596998,126.6016441,31.63819048,1319.803578,1287.095482,24312.05991
1169,270.3398566,324.233753,476.5733835,73.9596998,126.6016441,31.63819048,1319.803578,1287.095482,24312.05991
1170,270.3398566,324.233753,476.5733835,73.9596998,126.6016441,31.63819048,1319.803578,1287.095482,24312.05991
1171,270.3398566,324.233753,476.5733835,73.9596998,126.6016441,31.63819048,1319.803578,1287.095482,24312.05991
1172,270.3398566,324.233753,476.5733835,73.9596998,126.6016441,31.63819048,1319.803578,1287.095482,24312.05991
1173,270.3398566,324.233753,476.5733835,73.9596998,126.6016441,31.63819048,1319.803578,1287.095482,24312.05991
1174,270.3398566,324.233753,476.5733835,73.9596998,126.6016441,31.63819048,1319.803578,1287.095482,24312.05991
1175,270.3398566,324.233753,476.5733835,73.9596998,126.6016441,31.63819048,1319.803578,1287.095482,24312.05991
1176,356.8011704,616.031358,235.1105025,129.946836,156.3906954,73.54464182,1346.628205,1945.26639,14411.94134
1177,356.8011704,616.031358,235.1105025,129.946836,156.3906954,73.54464182,1346.628205,1945.26639,14411.94134
1178,356.8011704,616.031358,235.1105025,129.946836,156.3906954,73.54464182,1346.628205,1945.26639,14411.94134
1179,356.8011704,616.031358,235.1105025,129.946836,156.3906954,73.54464182,1346.628205,1945.26639,14411.94134
1180,356.8011704,616.031358,235.1105025,129.946836,156.3906954,73.54464182,1346.628205,1945.26639,14411.94134
1181,356.8011704,616.031358,235.1105025,129.946836,156.3906954,73.54464182,1346.628205,1945.26639,14411.94134
1182,356.8011704,616.031358,235.1105025,129.946836,156.3906954,73.54464182,1346.628205,1945.26639,14411.94134
1183,356.8011704,616.031358,235.1105025,129.946836,156.3906954,73.54464182,1346.628205,1945.26639,14411.94134
1184,356.8011704,616.031358,235.1105025,129.946836,156.3906954,73.54464182,1346.628205,1945.26639,14411.94134
1185,356.8011704,616.031358,235.1105025,129.946836,156.3906954,73.54464182,1346.628205,1945.26639,14411.94134
1186,356.8011704,616.031358,235.1105025,129.946836,156.3906954,73.54464182,1346.628205,1945.26639,14411.94134
1187,356.8011704,616.031358,235.1105025,129.946836,156.3906954,73.54464182,1346.628205,1945.26639,14411.94134
1188,356.8011704,616.031358,235.1105025,129.946836,156.3906954,73.54464182,1346.628205,1945.26639,14411.94134
1189,356.8011704,616.031358,235.1105025,129.946836,156.3906954,73.54464182,1346.628205,1945.26639,14411.94134
1190,356.8011704,616.031358,235.1105025,129.946836,156.3906954,73.54464182,1346.628205,1945.26639,14411.94134
1191,356.8011704,616.031358,235.1105025,129.946836,156.3906954,73.54464182,1346.628205,1945.26639,14411.94134
1192,356.8011704,616.031358,235.1105025,129.946836,156.3906954,73.54464182,1346.628205,1945.26639,14411.94134
1193,356.8011704,616.031358,235.1105025,129.946836,156.3906954,73.54464182,1346.628205,1945.26639,14411.94134
1194,356.8011704,616.031358,235.1105025,129.946836,156.3906954,73.54464182,1346.628205,1945.26639,14411.94134
1195,356.8011704,616.031358,235.1105025,129.946836,156.3906954,73.54464182,1346.628205,1945.26639,14411.94134
1196,356.8011704,616.031358,235.1105025,129.946836,156.3906954,73.54464182,1346.628205,1945.26639,14411.94134
1197,348.2908092,739.0957821,333.0237464,121.9902861,234.6630369,41.97863286,1102.244524,1214.01723,25649.67899
1198,348.2908092,739.0957821,333.0237464,121.9902861,234.6630369,41.97863286,1102.244524,1214.01723,25649.67899
1199,348.2908092,739.0957821,333.0237464,121.9902861,234.6630369,41.97863286,1102.244524,1214.01723,25649.67899
1200,348.2908092,739.0957821,333.0237464,121.9902861,234.6630369,41.97863286,1102.244524,1214.01723,25649.67899
1201,348.2908092,739.0957821,333.0237464,121.9902861,234.6630369,41.97863286,1102.244524,1214.01723,25649.67899
1202,348.2908092,739.0957821,333.0237464,121.9902861,234.6630369,41.97863286,1102.244524,1214.01723,25649.67899
1203,348.2908092,739.0957821,333.0237464,121.9902861,234.6630369,41.97863286,1102.244524,1214.01723,25649.67899
1204,348.2908092,739.0957821,333.0237464,121.9902861,234.6630369,41.97863286,1102.244524,1214.01723,25649.67899
1205,348.2908092,739.0957821,333.0237464,121.9902861,234.6630369,41.97863286,1102.244524,1214.01723,25649.67899
1206,348.2908092,739.0957821,333.0237464,121.9902861,234.6630369,41.97863286,1102.244524,1214.01723,25649.67899
1207,348.2908092,739.0957821,333.0237464,121.9902861,234.6630369,41.97863286,1102.244524,1214.01723,25649.67899
1208,348.2908092,739.0957821,333.0237464,121.9902861,234.6630369,41.97863286,1102.244524,1214.01723,25649.67899
1209,348.2908092,739.0957821,333.0237464,121.9902861,234.6630369,41.97863286,1102.244524,1214.01723,25649.67899
1210,348.2908092,739.0957821,333.0237464,121.9902861,234.6630369,41.97863286,1102.244524,1214.01723,25649.67899
1211,348.2908092,739.0957821,333.0237464,121.9902861,234.6630369,41.97863286,1102.244524,1214.01723,25649.67899
1212,348.2908092,739.0957821,333.0237464,121.9902861,234.6630369,41.97863286,1102.244524,1214.01723,25649.67899
1213,348.2908092,739.0957821,333.0237464,121.9902861,234.6630369,41.97863286,1102.244524,1214.01723,25649.67899
1214,348.2908092,739.0957821,333.0237464,121.9902861,234.6630369,41.97863286,1102.244524,1214.01723,25649.67899
1215,348.2908092,739.0957821,333.0237464,121.9902861,234.6630369,41.97863286,1102.244524,1214.01723,25649.67899
1216,348.2908092,739.0957821,333.0237464,121.9902861,234.6630369,41.97863286,1102.244524,1214.01723,25649.67899
1217,348.2908092,739.0957821,333.0237464,121.9902861,234.6630369,41.97863286,1102.244524,1214.01723,25649.67899
1218,242.6947034,507.9863171,477.1987103,154.7936319,220.5766424,86.34779477,768.0263684,2083.109992,15630.5572
1219,242.6947034,507.9863171,477.1987103,154.7936319,220.5766424,86.34779477,768.0263684,2083.109992,15630.5572
1220,242.6947034,507.9863171,477.1987103,154.7936319,220.5766424,86.34779477,768.0263684,2083.109992,15630.5572
1221,242.6947034,507.9863171,477.1987103,154.7936319,220.5766424,86.34779477,768.0263684,2083.109992,15630.5572
1222,242.6947034,507.9863171,477.1987103,154.7936319,220.5766424,86.34779477,768.0263684,2083.109992,15630.5572
1223,242.6947034,507.9863171,477.1987103,154.7936319,220.5766424,86.34779477,768.0263684,2083.109992,15630.5572
1224,242.6947034,507.9863171,477.1987103,154.7936319,220.5766424,86.34779477,768.0263684,2083.109992,15630.5572
1225,242.6947034,507.9863171,477.1987103,154.7936319,220.5766424,86.34779477,768.0263684,2083.109992,15630.5572
1226,242.6947034,507.9863171,477.1987103,154.7936319,220.5766424,86.34779477,768.0263684,2083.109992,15630.5572
1227,242.6947034,507.9863171,477.1987103,154.7936319,220.5766424,86.34779477,768.0263684,2083.109992,15630.5572
1228,242.6947034,507.9863171,477.1987103,154.7936319,220.5766424,86.34779477,768.0263684,2083.109992,15630.5572
1229,242.6947034,507.9863171,477.1987103,154.7936319,220.5766424,86.34779477,768.0263684,2083.109992,15630.5572
1230,242.6947034,507.9863171,477.1987103,154.7936319,220.5766424,86.34779477,768.0263684,2083.109992,15630.5572
1231,242.6947034,507.9863171,477.1987103,154.7936319,220.5766424,86.34779477,768.0263684,2083.109992,15630.5572
1232,242.6947034,507.9863171,477.1987103,154.7936319,220.5766424,86.34779477,768.0263684,2083.109992,15630.5572
1233,242.6947034,507.9863171,477.1987103,154.7936319,220.5766424,86.34779477,768.0263684,2083.109992,15630.5572
1234,242.6947034,507.9863171,477.1987103,154.7936319,220.5766424,86.34779477,768.0263684,2083.109992,15630.5572
1235,242.6947034,507.9863171,477.1987103,154.7936319,220.5766424,86.34779477,768.0263684,2083.109992,15630.5572
1236,242.6947034,507.9863171,477.1987103,154.7936319,220.5766424,86.34779477,768.0263684,2083.109992,15630.5572
1237,242.6947034,507.9863171,477.1987103,154.7936319,220.5766424,86.34779477,768.0263684,2083.109992,15630.5572
1238,242.6947034,507.9863171,477.1987103,154.7936319,220.5766424,86.34779477,768.0263684,2083.109992,15630.5572
1239,459.8606336,438.4380197,366.2348934,128.1530329,342.541203,173.7230385,1435.616171,907.2211651,28913.61089
1240,459.8606336,438.4380197,366.2348934,128.1530329,342.541203,173.7230385,1435.616171,907.2211651,28913.61089
1241,459.8606336,438.4380197,366.2348934,128.1530329,342.541203,173.7230385,1435.616171,907.2211651,28913.61089
1242,459.8606336,438.4380197,366.2348934,128.1530329,342.541203,173.7230385,1435.616171,907.2211651,28913.61089
1243,459.8606336,438.4380197,366.2348934,128.1530329,342.541203,173.7230385,1435.616171,907.2211651,28913.61089
1244,459.8606336,438.4380197,366.2348934,128.1530329,342.541203,173.7230385,1435.616171,907.2211651,28913.61089
1245,459.8606336,438.4380197,366.2348934,128.1530329,342.541203,173.7230385,1435.616171,907.2211651,28913.61089
1246,459.8606336,438.4380197,366.2348934,128.1530329,342.541203,173.7230385,1435.616171,907.2211651,28913.61089
1247,459.8606336,438.4380197,366.2348934,128.1530329,342.541203,173.7230385,1435.616171,907.2211651,28913.61089
1248,459.8606336,438.4380197,366.2348934,128.1530329,342.541203,173.7230385,1435.616171,907.2211651,28913.61089
1249,459.8606336,438.4380197,366.2348934,128.1530329,342.541203,173.7230385,1435.616171,907.2211651,28913.61089
1250,459.8606336,438.4380197,366.2348934,128.1530329,342.541203,173.7230385,1435.616171,907.2211651,28913.61089
1251,459.8606336,438.4380197,366.2348934,128.1530329,342.541203,173.7230385,1435.616171,907.2211651,28913.61089
1252,459.8606336,438.4380197,366.2348934,128.1530329,342.541203,173.7230385,1435.616171,907.2211651,28913.61089
1253,459.8606336,438.4380197,366.2348934,128.1530329,342.541203,173.7230385,1435.616171,907.2211651,28913.61089
1254,459.8606336,438.4380197,366.2348934,128.1530329,342.541203,173.7230385,1435.616171,907.2211651,28913.61089
1255,459.8606336,438.4380197,366.2348934,128.1530329,342.541203,173.7230385,1435.616171,907.2211651,28913.61089
1256,459.8606336,438.4380197,366.2348934,128.1530329,342.541203,173.7230385,1435.616171,907.2211651,28913.61089
1257,459.8606336,438.4380197,366.2348934,128.1530329,342.541203,173.7230385,1435.616171,907.2211651,28913.61089
1258,459.8606336,438.4380197,366.2348934,128.1530329,342.541203,173.7230385,1435.616171,907.2211651,28913.61089
1259,459.8606336,438.4380197,366.2348934,128.1530329,342.541203,173.7230385,1435.616171,907.2211651,28913.61089
1260,623.9179238,500.1732317,471.9701953,158.5086816,151.5724471,123.4324409,1477.030537,2088.266651,15331.0525
1261,623.9179238,500.1732317,471.9701953,158.5086816,151.5724471,123.4324409,1477.030537,2088.266651,15331.0525
1262,623.9179238,500.1732317,471.9701953,158.5086816,151.5724471,123.4324409,1477.030537,2088.266651,15331.0525
1263,623.9179238,500.1732317,471.9701953,158.5086816,151.5724471,123.4324409,1477.030537,2088.266651,15331.0525
1264,623.9179238,500.1732317,471.9701953,158.5086816,151.5724471,123.4324409,1477.030537,2088.266651,15331.0525
1265,623.9179238,500.1732317,471.9701953,158.5086816,151.5724471,123.4324409,1477.030537,2088.266651,15331.0525
1266,623.9179238,500.1732317,471.9701953,158.5086816,151.5724471,123.4324409,1477.030537,2088.266651,15331.0525
1267,623.9179238,500.1732317,471.9701953,158.5086816,151.5724471,123.4324409,1477.030537,2088.266651,15331.0525
1268,623.9179238,500.1732317,471.9701953,158.5086816,151.5724471,123.4324409,1477.030537,2088.266651,15331.0525
1269,623.9179238,500.1732317,471.9701953,158.5086816,151.5724471,123.4324409,1477.030537,2088.266651,15331.0525
1270,623.9179238,500.1732317,471.9701953,158.5086816,151.5724471,123.4324409,1477.030537,2088.266651,15331.0525
1271,623.9179238,500.1732317,471.9701953,158.5086816,151.5724471,123.4324409,1477.030537,2088.266651,15331.0525
1272,623.9179238,500.1732317,471.9701953,158.5086816,151.5724471,123.4324409,1477.030537,2088.266651,15331.0525
1273,623.9179238,500.1732317,471.9701953,158.5086816,151.5724471,123.4324409,1477.030537,2088.266651,15331.0525
1274,623.9179238,500.1732317,471.9701953,158.5086816,151.5724471,123.4324409,1477.030537,2088.266651,15331.0525
1275,623.9179238,500.1732317,471.9701953,158.5086816,151.5724471,123.4324409,1477.030537,2088.266651,15331.0525
1276,623.9179238,500.1732317,471.9701953,158.5086816,151.5724471,123.4324409,1477.030537,2088.266651,15331.0525
1277,623.9179238,500.1732317,471.9701953,158.5086816,151.5724471,123.4324409,1477.030537,2088.266651,15331.0525
1278,623.9179238,500.1732317,471.9701953,158.5086816,151.5724471,123.4324409,1477.030537,2088.266651,15331.0525
1279,623.9179238,500.1732317,471.9701953,158.5086816,151.5724471,123.4324409,1477.030537,2088.266651,15331.0525
1280,623.9179238,500.1732317,471.9701953,158.5086816,151.5724471,123.4324409,1477.030537,2088.266651,15331.0525
1281,341.9167574,798.7297969,593.9231461,154.2806379,162.1274251,48.91293948,1614.348996,2146.276818,11146.57242
1282,341.9167574,798.7297969,593.9231461,154.2806379,162.1274251,48.91293948,1614.348996,2146.276818,11146.57242
1283,341.9167574,798.7297969,593.9231461,154.2806379,162.1274251,48.91293948,1614.348996,2146.276818,11146.57242
1284,341.9167574,798.7297969,593.9231461,154.2806379,162.1274251,48.91293948,1614.348996,2146.276818,11146.57242
1285,341.9167574,798.7297969,593.9231461,154.2806379,162.1274251,48.91293948,1614.348996,2146.276818,11146.57242
1286,341.9167574,798.7297969,593.9231461,154.2806379,162.1274251,48.91293948,1614.348996,2146.276818,11146.57242
1287,341.9167574,798.7297969,593.9231461,154.2806379,162.1274251,48.91293948,1614.348996,2146.276818,11146.57242
1288,341.9167574,798.7297969,593.9231461,154.2806379,162.1274251,48.91293948,1614.348996,2146.276818,11146.57242
1289,341.9167574,798.7297969,593.9231461,154.2806379,162.1274251,48.91293948,1614.348996,2146.276818,11146.57242
1290,341.9167574,798.7297969,593.9231461,154.2806379,162.1274251,48.91293948,1614.348996,2146.276818,11146.57242
1291,341.9167574,798.7297969,593.9231461,154.2806379,162.1274251,48.91293948,1614.348996,2146.276818,11146.57242
1292,341.9167574,798.7297969,593.9231461,154.2806379,162.1274251,48.91293948,1614.348996,2146.276818,11146.57242
1293,341.9167574,798.7297969,593.9231461,154.2806379,162.1274251,48.91293948,1614.348996,2146.276818,11146.57242
1294,341.9167574,798.7297969,593.9231461,154.2806379,162.1274251,48.91293948,1614.348996,2146.276818,11146.57242
1295,341.9167574,798.7297969,593.9231461,154.2806379,162.1274251,48.91293948,1614.348996,2146.276818,11146.57242
1296,341.9167574,798.7297969,593.9231461,154.2806379,162.1274251,48.91293948,1614.348996,2146.276818,11146.57242
1297,341.9167574,798.7297969,593.9231461,154.2806379,162.1274251,48.91293948,1614.348996,2146.276818,11146.57242
1298,341.9167574,798.7297969,593.9231461,154.2806379,162.1274251,48.91293948,1614.348996,2146.276818,11146.57242
1299,341.9167574,798.7297969,593.9231461,154.2806379,162.1274251,48.91293948,1614.348996,2146.276818,11146.57242
1300,341.9167574,798.7297969,593.9231461,154.2806379,162.1274251,48.91293948,1614.348996,2146.276818,11146.57242
1301,341.9167574,798.7297969,593.9231461,154.2806379,162.1274251,48.91293948,1614.348996,2146.276818,11146.57242
1302,433.9543118,765.7567595,407.7086558,134.7547314,160.9116104,85.47701393,3106.575755,2025.114105,21876.36504
1303,433.9543118,765.7567595,407.7086558,134.7547314,160.9116104,85.47701393,3106.575755,2025.114105,21876.36504
1304,433.9543118,765.7567595,407.7086558,134.7547314,160.9116104,85.47701393,3106.575755,2025.114105,21876.36504
1305,433.9543118,765.7567595,407.7086558,134.7547314,160.9116104,85.47701393,3106.575755,2025.114105,21876.36504
1306,433.9543118,765.7567595,407.7086558,134.7547314,160.9116104,85.47701393,3106.575755,2025.114105,21876.36504
1307,433.9543118,765.7567595,407.7086558,134.7547314,160.9116104,85.47701393,3106.575755,2025.114105,21876.36504
1308,433.9543118,765.7567595,407.7086558,134.7547314,160.9116104,85.47701393,3106.575755,2025.114105,21876.36504
1309,433.9543118,765.7567595,407.7086558,134.7547314,160.9116104,85.47701393,3106.575755,2025.114105,21876.36504
1310,433.9543118,765.7567595,407.7086558,134.7547314,160.9116104,85.47701393,3106.575755,2025.114105,21876.36504
1311,433.9543118,765.7567595,407.7086558,134.7547314,160.9116104,85.47701393,3106.575755,2025.114105,21876.36504
1312,433.9543118,765.7567595,407.7086558,134.7547314,160.9116104,85.47701393,3106.575755,2025.114105,21876.36504
1313,433.9543118,765.7567595,407.7086558,134.7547314,160.9116104,85.47701393,3106.575755,2025.114105,21876.36504
1314,433.9543118,765.7567595,407.7086558,134.7547314,160.9116104,85.47701393,3106.575755,2025.114105,21876.36504
1315,433.9543118,765.7567595,407.7086558,134.7547314,160.9116104,85.47701393,3106.575755,2025.114105,21876.36504
1316,433.9543118,765.7567595,407.7086558,134.7547314,160.9116104,85.47701393,3106.575755,2025.114105,21876.36504
1317,433.9543118,765.7567595,407.7086558,134.7547314,160.9116104,85.47701393,3106.575755,2025.114105,21876.36504
1318,433.9543118,765.7567595,407.7086558,134.7547314,160.9116104,85.47701393,3106.575755,2025.114105,21876.36504
1319,433.9543118,765.7567595,407.7086558,134.7547314,160.9116104,85.47701393,3106.575755,2025.114105,21876.36504
1320,433.9543118,765.7567595,407.7086558,134.7547314,160.9116104,85.47701393,3106.575755,2025.114105,21876.36504
1321,433.9543118,765.7567595,407.7086558,134.7547314,160.9116104,85.47701393,3106.575755,2025.114105,21876.36504
1322,433.9543118,765.7567595,407.7086558,134.7547314,160.9116104,85.47701393,3106.575755,2025.114105,21876.36504
1323,770.242079,647.0871864,583.7688812,135.8509538,224.3963383,83.71067144,2525.221531,2440.53053,19749.03645
1324,770.242079,647.0871864,583.7688812,135.8509538,224.3963383,83.71067144,2525.221531,2440.53053,19749.03645
1325,770.242079,647.0871864,583.7688812,135.8509538,224.3963383,83.71067144,2525.221531,2440.53053,19749.03645
1326,770.242079,647.0871864,583.7688812,135.8509538,224.3963383,83.71067144,2525.221531,2440.53053,19749.03645
1327,770.242079,647.0871864,583.7688812,135.8509538,224.3963383,83.71067144,2525.221531,2440.53053,19749.03645
1328,770.242079,647.0871864,583.7688812,135.8509538,224.3963383,83.71067144,2525.221531,2440.53053,19749.03645
1329,770.242079,647.0871864,583.7688812,135.8509538,224.3963383,83.71067144,2525.221531,2440.53053,19749.03645
1330,770.242079,647.0871864,583.7688812,135.8509538,224.3963383,83.71067144,2525.221531,2440.53053,19749.03645
1331,770.242079,647.0871864,583.7688812,135.8509538,224.3963383,83.71067144,2525.221531,2440.53053,19749.03645
1332,770.242079,647.0871864,583.7688812,135.8509538,224.3963383,83.71067144,2525.221531,2440.53053,19749.03645
1333,770.242079,647.0871864,583.7688812,135.8509538,224.3963383,83.71067144,2525.221531,2440.53053,19749.03645
1334,770.242079,647.0871864,583.7688812,135.8509538,224.3963383,83.71067144,2525.221531,2440.53053,19749.03645
1335,770.242079,647.0871864,583.7688812,135.8509538,224.3963383,83.71067144,2525.221531,2440.53053,19749.03645
1336,770.242079,647.0871864,583.7688812,135.8509538,224.3963383,83.71067144,2525.221531,2440.53053,19749.03645
1337,770.242079,647.0871864,583.7688812,135.8509538,224.3963383,83.71067144,2525.221531,2440.53053,19749.03645
1338,770.242079,647.0871864,583.7688812,135.8509538,224.3963383,83.71067144,2525.221531,2440.53053,19749.03645
1339,770.242079,647.0871864,583.7688812,135.8509538,224.3963383,83.71067144,2525.221531,2440.53053,19749.03645
1340,770.242079,647.0871864,583.7688812,135.8509538,224.3963383,83.71067144,2525.221531,2440.53053,19749.03645
1341,770.242079,647.0871864,583.7688812,135.8509538,224.3963383,83.71067144,2525.221531,2440.53053,19749.03645
1342,770.242079,647.0871864,583.7688812,135.8509538,224.3963383,83.71067144,2525.221531,2440.53053,19749.03645
1343,770.242079,647.0871864,583.7688812,135.8509538,224.3963383,83.71067144,2525.221531,2440.53053,19749.03645
1344,592.718638,1271.582587,404.0896299,147.5752611,143.711775,48.48242346,2307.608799,3352.380921,23012.77315
1345,592.718638,1271.582587,404.0896299,147.5752611,143.711775,48.48242346,2307.608799,3352.380921,23012.77315
1346,592.718638,1271.582587,404.0896299,147.5752611,143.711775,48.48242346,2307.608799,3352.380921,23012.77315
1347,592.718638,1271.582587,404.0896299,147.5752611,143.711775,48.48242346,2307.608799,3352.380921,23012.77315
1348,592.718638,1271.582587,404.0896299,147.5752611,143.711775,48.48242346,2307.608799,3352.380921,23012.77315
1349,592.718638,1271.582587,404.0896299,147.5752611,143.711775,48.48242346,2307.608799,3352.380921,23012.77315
1350,592.718638,1271.582587,404.0896299,147.5752611,143.711775,48.48242346,2307.608799,3352.380921,23012.77315
1351,592.718638,1271.582587,404.0896299,147.5752611,143.711775,48.48242346,2307.608799,3352.380921,23012.77315
1352,592.718638,1271.582587,404.0896299,147.5752611,143.711775,48.48242346,2307.608799,3352.380921,23012.77315
1353,592.718638,1271.582587,404.0896299,147.5752611,143.711775,48.48242346,2307.608799,3352.380921,23012.77315
1354,592.718638,1271.582587,404.0896299,147.5752611,143.711775,48.48242346,2307.608799,3352.380921,23012.77315
1355,592.718638,1271.582587,404.0896299,147.5752611,143.711775,48.48242346,2307.608799,3352.380921,23012.77315
1356,592.718638,1271.582587,404.0896299,147.5752611,143.711775,48.48242346,2307.608799,3352.380921,23012.77315
1357,592.718638,1271.582587,404.0896299,147.5752611,143.711775,48.48242346,2307.608799,3352.380921,23012.77315
1358,592.718638,1271.582587,404.0896299,147.5752611,143.711775,48.48242346,2307.608799,3352.380921,23012.77315
1359,592.718638,1271.582587,404.0896299,147.5752611,143.711775,48.48242346,2307.608799,3352.380921,23012.77315
1360,592.718638,1271.582587,404.0896299,147.5752611,143.711775,48.48242346,2307.608799,3352.380921,23012.77315
1361,592.718638,1271.582587,404.0896299,147.5752611,143.711775,48.48242346,2307.608799,3352.380921,23012.77315
1362,592.718638,1271.582587,404.0896299,147.5752611,143.711775,48.48242346,2307.608799,3352.380921,23012.77315
1363,592.718638,1271.582587,404.0896299,147.5752611,143.711775,48.48242346,2307.608799,3352.380921,23012.77315
1364,592.718638,1271.582587,404.0896299,147.5752611,143.711775,48.48242346,2307.608799,3352.380921,23012.77315
1365,1268.38209,538.1009761,445.2230949,212.2899784,186.9598637,53.52258465,4409.699958,2266.769842,23553.16839
1366,1268.38209,538.1009761,445.2230949,212.2899784,186.9598637,53.52258465,4409.699958,2266.769842,23553.16839
1367,1268.38209,538.1009761,445.2230949,212.2899784,186.9598637,53.52258465,4409.699958,2266.769842,23553.16839
1368,1268.38209,538.1009761,445.2230949,212.2899784,186.9598637,53.52258465,4409.699958,2266.769842,23553.16839
1369,1268.38209,538.1009761,445.2230949,212.2899784,186.9598637,53.52258465,4409.699958,2266.769842,23553.16839
1370,1268.38209,538.1009761,445.2230949,212.2899784,186.9598637,53.52258465,4409.699958,2266.769842,23553.16839
1371,1268.38209,538.1009761,445.2230949,212.2899784,186.9598637,53.52258465,4409.699958,2266.769842,23553.16839
1372,1268.38209,538.1009761,445.2230949,212.2899784,186.9598637,53.52258465,4409.699958,2266.769842,23553.16839
1373,1268.38209,538.1009761,445.2230949,212.2899784,186.9598637,53.52258465,4409.699958,2266.769842,23553.16839
1374,1268.38209,538.1009761,445.2230949,212.2899784,186.9598637,53.52258465,4409.699958,2266.769842,23553.16839
1375,1268.38209,538.1009761,445.2230949,212.2899784,186.9598637,53.52258465,4409.699958,2266.769842,23553.16839
1376,1268.38209,538.1009761,445.2230949,212.2899784,186.9598637,53.52258465,4409.699958,2266.769842,23553.16839
1377,1268.38209,538.1009761,445.2230949,212.2899784,186.9598637,53.52258465,4409.699958,2266.769842,23553.16839
1378,1268.38209,538.1009761,445.2230949,212.2899784,186.9598637,53.52258465,4409.699958,2266.769842,23553.16839
1379,1268.38209,538.1009761,445.2230949,212.2899784,186.9598637,53.52258465,4409.699958,2266.769842,23553.16839
1380,1268.38209,538.1009761,445.2230949,212.2899784,186.9598637,53.52258465,4409.699958,2266.769842,23553.16839
1381,1268.38209,538.1009761,445.2230949,212.2899784,186.9598637,53.52258465,4409.699958,2266.769842,23553.16839
1382,1268.38209,538.1009761,445.2230949,212.2899784,186.9598637,53.52258465,4409.699958,2266.769842,23553.16839
1383,1268.38209,538.1009761,445.2230949,212.2899784,186.9598637,53.52258465,4409.699958,2266.769842,23553.16839
1384,1268.38209,538.1009761,445.2230949,212.2899784,186.9598637,53.52258465,4409.699958,2266.769842,23553.16839
1385,1268.38209,538.1009761,445.2230949,212.2899784,186.9598637,53.52258465,4409.699958,2266.769842,23553.16839
1386,1519.290576,1055.229437,325.1825527,103.6156104,121.120042,97.41880042,2777.31604,3311.565733,36089.58543
1387,1519.290576,1055.229437,325.1825527,103.6156104,121.120042,97.41880042,2777.31604,3311.565733,36089.58543
1388,1519.290576,1055.229437,325.1825527,103.6156104,121.120042,97.41880042,2777.31604,3311.565733,36089.58543
1389,1519.290576,1055.229437,325.1825527,103.6156104,121.120042,97.41880042,2777.31604,3311.565733,36089.58543
1390,1519.290576,1055.229437,325.1825527,103.6156104,121.120042,97.41880042,2777.31604,3311.565733,36089.58543
1391,1519.290576,1055.229437,325.1825527,103.6156104,121.120042,97.41880042,2777.31604,3311.565733,36089.58543
1392,1519.290576,1055.229437,325.1825527,103.6156104,121.120042,97.41880042,2777.31604,3311.565733,36089.58543
1393,1519.290576,1055.229437,325.1825527,103.6156104,121.120042,97.41880042,2777.31604,3311.565733,36089.58543
1394,1519.290576,1055.229437,325.1825527,103.6156104,121.120042,97.41880042,2777.31604,3311.565733,36089.58543
1395,1519.290576,1055.229437,325.1825527,103.6156104,121.120042,97.41880042,2777.31604,3311.565733,36089.58543
1396,1519.290576,1055.229437,325.1825527,103.6156104,121.120042,97.41880042,2777.31604,3311.565733,36089.58543
1397,1519.290576,1055.229437,325.1825527,103.6156104,121.120042,97.41880042,2777.31604,3311.565733,36089.58543
1398,1519.290576,1055.229437,325.1825527,103.6156104,121.120042,97.41880042,2777.31604,3311.565733,36089.58543
1399,1519.290576,1055.229437,325.1825527,103.6156104,121.120042,97.41880042,2777.31604,3311.565733,36089.58543
1400,1519.290576,1055.229437,325.1825527,103.6156104,121.120042,97.41880042,2777.31604,3311.565733,36089.58543
1401,1519.290576,1055.229437,325.1825527,103.6156104,121.120042,97.41880042,2777.31604,3311.565733,36089.58543
1402,1519.290576,1055.229437,325.1825527,103.6156104,121.120042,97.41880042,2777.31604,3311.565733,36089.58543
1403,1519.290576,1055.229437,325.1825527,103.6156104,121.120042,97.41880042,2777.31604,3311.565733,36089.58543
1404,1519.290576,1055.229437,325.1825527,103.6156104,121.120042,97.41880042,2777.31604,3311.565733,36089.58543
1405,1519.290576,1055.229437,325.1825527,103.6156104,121.120042,97.41880042,2777.31604,3311.565733,36089.58543
1406,1519.290576,1055.229437,325.1825527,103.6156104,121.120042,97.41880042,2777.31604,3311.565733,36089.58543
1407,1230.424927,757.1180442,569.1957932,106.9305633,182.2257834,69.32959182,2216.849892,2951.720791,23215.80086
1408,1230.424927,757.1180442,569.1957932,106.9305633,182.2257834,69.32959182,2216.849892,2951.720791,23215.80086
1409,1230.424927,757.1180442,569.1957932,106.9305633,182.2257834,69.32959182,2216.849892,2951.720791,23215.80086
1410,1230.424927,757.1180442,569.1957932,106.9305633,182.2257834,69.32959182,2216.849892,2951.720791,23215.80086
1411,1230.424927,757.1180442,569.1957932,106.9305633,182.2257834,69.32959182,2216.849892,2951.720791,23215.80086
1412,1230.424927,757.1180442,569.1957932,106.9305633,182.2257834,69.32959182,2216.849892,2951.720791,23215.80086
1413,1230.424927,757.1180442,569.1957932,106.9305633,182.2257834,69.32959182,2216.849892,2951.720791,23215.80086
1414,1230.424927,757.1180442,569.1957932,106.9305633,182.2257834,69.32959182,2216.849892,2951.720791,23215.80086
1415,1230.424927,757.1180442,569.1957932,106.9305633,182.2257834,69.32959182,2216.849892,2951.720791,23215.80086
1416,1230.424927,757.1180442,569.1957932,106.9305633,182.2257834,69.32959182,2216.849892,2951.720791,23215.80086
1417,1230.424927,757.1180442,569.1957932,106.9305633,182.2257834,69.32959182,2216.849892,2951.720791,23215.80086
1418,1230.424927,757.1180442,569.1957932,106.9305633,182.2257834,69.32959182,2216.849892,2951.720791,23215.80086
1419,1230.424927,757.1180442,569.1957932,106.9305633,182.2257834,69.32959182,2216.849892,2951.720791,23215.80086
1420,1230.424927,757.1180442,569.1957932,106.9305633,182.2257834,69.32959182,2216.849892,2951.720791,23215.80086
1421,1230.424927,757.1180442,569.1957932,106.9305633,182.2257834,69.32959182,2216.849892,2951.720791,23215.80086
1422,1230.424927,757.1180442,569.1957932,106.9305633,182.2257834,69.32959182,2216.849892,2951.720791,23215.80086
1423,1230.424927,757.1180442,569.1957932,106.9305633,182.2257834,69.32959182,2216.849892,2951.720791,23215.80086
1424,1230.424927,757.1180442,569.1957932,106.9305633,182.2257834,69.32959182,2216.849892,2951.720791,23215.80086
1425,1230.424927,757.1180442,569.1957932,106.9305633,182.2257834,69.32959182,2216.849892,2951.720791,23215.80086
1426,1230.424927,757.1180442,569.1957932,106.9305633,182.2257834,69.32959182,2216.849892,2951.720791,23215.80086
1427,1230.424927,757.1180442,569.1957932,106.9305633,182.2257834,69.32959182,2216.849892,2951.720791,23215.80086
1428,730.3633698,1342.612266,737.7668506,150.53656,315.6917,149.2016133,2367.755615,4802.071208,26907.65975
1429,730.3633698,1342.612266,737.7668506,150.53656,315.6917,149.2016133,2367.755615,4802.071208,26907.65975
1430,730.3633698,1342.612266,737.7668506,150.53656,315.6917,149.2016133,2367.755615,4802.071208,26907.65975
1431,730.3633698,1342.612266,737.7668506,150.53656,315.6917,149.2016133,2367.755615,4802.071208,26907.65975
1432,730.3633698,1342.612266,737.7668506,150.53656,315.6917,149.2016133,2367.755615,4802.071208,26907.65975
1433,730.3633698,1342.612266,737.7668506,150.53656,315.6917,149.2016133,2367.755615,4802.071208,26907.65975
1434,730.3633698,1342.612266,737.7668506,150.53656,315.6917,149.2016133,2367.755615,4802.071208,26907.65975
1435,730.3633698,1342.612266,737.7668506,150.53656,315.6917,149.2016133,2367.755615,4802.071208,26907.65975
1436,730.3633698,1342.612266,737.7668506,150.53656,315.6917,149.2016133,2367.755615,4802.071208,26907.65975
1437,730.3633698,1342.612266,737.7668506,150.53656,315.6917,149.2016133,2367.755615,4802.071208,26907.65975
1438,730.3633698,1342.612266,737.7668506,150.53656,315.6917,149.2016133,2367.755615,4802.071208,26907.65975
1439,730.3633698,1342.612266,737.7668506,150.53656,315.6917,149.2016133,2367.755615,4802.071208,26907.65975
1440,730.3633698,1342.612266,737.7668506,150.53656,315.6917,149.2016133,2367.755615,4802.071208,26907.65975
1441,730.3633698,1342.612266,737.7668506,150.53656,315.6917,149.2016133,2367.755615,4802.071208,26907.65975
1442,730.3633698,1342.612266,737.7668506,150.53656,315.6917,149.2016133,2367.755615,4802.071208,26907.65975
1443,730.3633698,1342.612266,737.7668506,150.53656,315.6917,149.2016133,2367.755615,4802.071208,26907.65975
1444,730.3633698,1342.612266,737.7668506,150.53656,315.6917,149.2016133,2367.755615,4802.071208,26907.65975
1445,730.3633698,1342.612266,737.7668506,150.53656,315.6917,149.2016133,2367.755615,4802.071208,26907.65975
1446,730.3633698,1342.612266,737.7668506,150.53656,315.6917,149.2016133,2367.755615,4802.071208,26907.65975
1447,730.3633698,1342.612266,737.7668506,150.53656,315.6917,149.2016133,2367.755615,4802.071208,26907.65975
1448,730.3633698,1342.612266,737.7668506,150.53656,315.6917,149.2016133,2367.755615,4802.071208,26907.65975
1449,882.3111544,691.4720658,1166.898315,149.1289548,234.1396947,81.36061524,4343.882965,2370.272878,39058.32947
1450,882.3111544,691.4720658,1166.898315,149.1289548,234.1396947,81.36061524,4343.882965,2370.272878,39058.32947
1451,882.3111544,691.4720658,1166.898315,149.1289548,234.1396947,81.36061524,4343.882965,2370.272878,39058.32947
1452,882.3111544,691.4720658,1166.898315,149.1289548,234.1396947,81.36061524,4343.882965,2370.272878,39058.32947
1453,882.3111544,691.4720658,1166.898315,149.1289548,234.1396947,81.36061524,4343.882965,2370.272878,39058.32947
1454,882.3111544,691.4720658,1166.898315,149.1289548,234.1396947,81.36061524,4343.882965,2370.272878,39058.32947
1455,882.3111544,691.4720658,1166.898315,149.1289548,234.1396947,81.36061524,4343.882965,2370.272878,39058.32947
1456,882.3111544,691.4720658,1166.898315,149.1289548,234.1396947,81.36061524,4343.882965,2370.272878,39058.32947
1457,882.3111544,691.4720658,1166.898315,149.1289548,234.1396947,81.36061524,4343.882965,2370.272878,39058.32947
1458,882.3111544,691.4720658,1166.898315,149.1289548,234.1396947,81.36061524,4343.882965,2370.272878,39058.32947
1459,882.3111544,691.4720658,1166.898315,149.1289548,234.1396947,81.36061524,4343.882965,2370.272878,39058.32947
1460,882.3111544,691.4720658,1166.898315,149.1289548,234.1396947,81.36061524,4343.882965,2370.272878,39058.32947
1461,882.3111544,691.4720658,1166.898315,149.1289548,234.1396947,81.36061524,4343.882965,2370.272878,39058.32947
1462,882.3111544,691.4720658,1166.898315,149.1289548,234.1396947,81.36061524,4343.882965,2370.272878,39058.32947
1463,882.3111544,691.4720658,1166.898315,149.1289548,234.1396947,81.36061524,4343.882965,2370.272878,39058.32947
1464,882.3111544,691.4720658,1166.898315,149.1289548,234.1396947,81.36061524,4343.882965,2370.272878,39058.32947
1465,882.3111544,691.4720658,1166.898315,149.1289548,234.1396947,81.36061524,4343.882965,2370.272878,39058.32947
1466,882.3111544,691.4720658,1166.898315,149.1289548,234.1396947,81.36061524,4343.882965,2370.272878,39058.32947
1467,882.3111544,691.4720658,1166.898315,149.1289548,234.1396947,81.36061524,4343.882965,2370.272878,39058.32947
1468,882.3111544,691.4720658,1166.898315,149.1289548,234.1396947,81.36061524,4343.882965,2370.272878,39058.32947
1469,882.3111544,691.4720658,1166.898315,149.1289548,234.1396947,81.36061524,4343.882965,2370.272878,39058.32947
1470,978.7345164,3319.582254,952.6663089,183.7898689,178.481203,84.16663553,2875.863994,4058.944586,28303.31105
1471,978.7345164,3319.582254,952.6663089,183.7898689,178.481203,84.16663553,2875.863994,4058.944586,28303.31105
1472,978.7345164,3319.582254,952.6663089,183.7898689,178.481203,84.16663553,2875.863994,4058.944586,28303.31105
1473,978.7345164,3319.582254,952.6663089,183.7898689,178.481203,84.16663553,2875.863994,4058.944586,28303.31105
1474,978.7345164,3319.582254,952.6663089,183.7898689,178.481203,84.16663553,2875.863994,4058.944586,28303.31105
1475,978.7345164,3319.582254,952.6663089,183.7898689,178.481203,84.16663553,2875.863994,4058.944586,28303.31105
1476,978.7345164,3319.582254,952.6663089,183.7898689,178.481203,84.16663553,2875.863994,4058.944586,28303.31105
1477,978.7345164,3319.582254,952.6663089,183.7898689,178.481203,84.16663553,2875.863994,4058.944586,28303.31105
1478,978.7345164,3319.582254,952.6663089,183.7898689,178.481203,84.16663553,2875.863994,4058.944586,28303.31105
1479,978.7345164,3319.582254,952.6663089,183.7898689,178.481203,84.16663553,2875.863994,4058.944586,28303.31105
1480,978.7345164,3319.582254,952.6663089,183.7898689,178.481203,84.16663553,2875.863994,4058.944586,28303.31105
1481,978.7345164,3319.582254,952.6663089,183.7898689,178.481203,84.16663553,2875.863994,4058.944586,28303.31105
1482,978.7345164,3319.582254,952.6663089,183.7898689,178.481203,84.16663553,2875.863994,4058.944586,28303.31105
1483,978.7345164,3319.582254,952.6663089,183.7898689,178.481203,84.16663553,2875.863994,4058.944586,28303.31105
1484,978.7345164,3319.582254,952.6663089,183.7898689,178.481203,84.16663553,2875.863994,4058.944586,28303.31105
1485,978.7345164,3319.582254,952.6663089,183.7898689,178.481203,84.16663553,2875.863994,4058.944586,28303.31105
1486,978.7345164,3319.582254,952.6663089,183.7898689,178.481203,84.16663553,2875.863994,4058.944586,28303.31105
1487,978.7345164,3319.582254,952.6663089,183.7898689,178.481203,84.16663553,2875.863994,4058.944586,28303.31105
1488,978.7345164,3319.582254,952.6663089,183.7898689,178.481203,84.16663553,2875.863994,4058.944586,28303.31105
1489,978.7345164,3319.582254,952.6663089,183.7898689,178.481203,84.16663553,2875.863994,4058.944586,28303.31105
1490,978.7345164,3319.582254,952.6663089,183.7898689,178.481203,84.16663553,2875.863994,4058.944586,28303.31105
1491,1171.518962,718.865118,397.3918746,127.229227,224.2548229,172.0839901,4732.670393,4219.337069,36259.82556
1492,1171.518962,718.865118,397.3918746,127.229227,224.2548229,172.0839901,4732.670393,4219.337069,36259.82556
1493,1171.518962,718.865118,397.3918746,127.229227,224.2548229,172.0839901,4732.670393,4219.337069,36259.82556
1494,1171.518962,718.865118,397.3918746,127.229227,224.2548229,172.0839901,4732.670393,4219.337069,36259.82556
1495,1171.518962,718.865118,397.3918746,127.229227,224.2548229,172.0839901,4732.670393,4219.337069,36259.82556
1496,1171.518962,718.865118,397.3918746,127.229227,224.2548229,172.0839901,4732.670393,4219.337069,36259.82556
1497,1171.518962,718.865118,397.3918746,127.229227,224.2548229,172.0839901,4732.670393,4219.337069,36259.82556
1498,1171.518962,718.865118,397.3918746,127.229227,224.2548229,172.0839901,4732.670393,4219.337069,36259.82556
1499,1171.518962,718.865118,397.3918746,127.229227,224.2548229,172.0839901,4732.670393,4219.337069,36259.82556
1500,1171.518962,718.865118,397.3918746,127.229227,224.2548229,172.0839901,4732.670393,4219.337069,36259.82556
1501,1171.518962,718.865118,397.3918746,127.229227,224.2548229,172.0839901,4732.670393,4219.337069,36259.82556
1502,1171.518962,718.865118,397.3918746,127.229227,224.2548229,172.0839901,4732.670393,4219.337069,36259.82556
1503,1171.518962,718.865118,397.3918746,127.229227,224.2548229,172.0839901,4732.670393,4219.337069,36259.82556
1504,1171.518962,718.865118,397.3918746,127.229227,224.2548229,172.0839901,4732.670393,4219.337069,36259.82556
1505,1171.518962,718.865118,397.3918746,127.229227,224.2548229,172.0839901,4732.670393,4219.337069,36259.82556
1506,1171.518962,718.865118,397.3918746,127.229227,224.2548229,172.0839901,4732.670393,4219.337069,36259.82556
1507,1171.518962,718.865118,397.3918746,127.229227,224.2548229,172.0839901,4732.670393,4219.337069,36259.82556
1508,1171.518962,718.865118,397.3918746,127.229227,224.2548229,172.0839901,4732.670393,4219.337069,36259.82556
1509,1171.518962,718.865118,397.3918746,127.229227,224.2548229,172.0839901,4732.670393,4219.337069,36259.82556
1510,1171.518962,718.865118,397.3918746,127.229227,224.2548229,172.0839901,4732.670393,4219.337069,36259.82556
1511,1171.518962,718.865118,397.3918746,127.229227,224.2548229,172.0839901,4732.670393,4219.337069,36259.82556
1512,992.2800693,1834.280097,895.7067674,144.5698644,199.9363671,85.56556058,2976.650326,4313.391449,24174.2485
1513,992.2800693,1834.280097,895.7067674,144.5698644,199.9363671,85.56556058,2976.650326,4313.391449,24174.2485
1514,992.2800693,1834.280097,895.7067674,144.5698644,199.9363671,85.56556058,2976.650326,4313.391449,24174.2485
1515,992.2800693,1834.280097,895.7067674,144.5698644,199.9363671,85.56556058,2976.650326,4313.391449,24174.2485
1516,992.2800693,1834.280097,895.7067674,144.5698644,199.9363671,85.56556058,2976.650326,4313.391449,24174.2485
1517,992.2800693,1834.280097,895.7067674,144.5698644,199.9363671,85.56556058,2976.650326,4313.391449,24174.2485
1518,992.2800693,1834.280097,895.7067674,144.5698644,199.9363671,85.56556058,2976.650326,4313.391449,24174.2485
1519,992.2800693,1834.280097,895.7067674,144.5698644,199.9363671,85.56556058,2976.650326,4313.391449,24174.2485
1520,992.2800693,1834.280097,895.7067674,144.5698644,199.9363671,85.56556058,2976.650326,4313.391449,24174.2485
1521,992.2800693,1834.280097,895.7067674,144.5698644,199.9363671,85.56556058,2976.650326,4313.391449,24174.2485
1522,992.2800693,1834.280097,895.7067674,144.5698644,199.9363671,85.56556058,2976.650326,4313.391449,24174.2485
1523,992.2800693,1834.280097,895.7067674,144.5698644,199.9363671,85.56556058,2976.650326,4313.391449,24174.2485
1524,992.2800693,1834.280097,895.7067674,144.5698644,199.9363671,85.56556058,2976.650326,4313.391449,24174.2485
1525,992.2800693,1834.280097,895.7067674,144.5698644,199.9363671,85.56556058,2976.650326,4313.391449,24174.2485
1526,992.2800693,1834.280097,895.7067674,144.5698644,199.9363671,85.56556058,2976.650326,4313.391449,24174.2485
1527,992.2800693,1834.280097,895.7067674,144.5698644,199.9363671,85.56556058,2976.650326,4313.391449,24174.2485
1528,992.2800693,1834.280097,895.7067674,144.5698644,199.9363671,85.56556058,2976.650326,4313.391449,24174.2485
1529,992.2800693,1834.280097,895.7067674,144.5698644,199.9363671,85.56556058,2976.650326,4313.391449,24174.2485
1530,992.2800693,1834.280097,895.7067674,144.5698644,199.9363671,85.56556058,2976.650326,4313.391449,24174.2485
1531,992.2800693,1834.280097,895.7067674,144.5698644,199.9363671,85.56556058,2976.650326,4313.391449,24174.2485
1532,992.2800693,1834.280097,895.7067674,144.5698644,199.9363671,85.56556058,2976.650326,4313.391449,24174.2485
1533,1104.306009,895.4038038,1028.295303,147.7550474,143.2363747,108.1705675,4449.365366,3578.026447,25957.38088
1534,1104.306009,895.4038038,1028.295303,147.7550474,143.2363747,108.1705675,4449.365366,3578.026447,25957.38088
1535,1104.306009,895.4038038,1028.295303,147.7550474,143.2363747,108.1705675,4449.365366,3578.026447,25957.38088
1536,1104.306009,895.4038038,1028.295303,147.7550474,143.2363747,108.1705675,4449.365366,3578.026447,25957.38088
1537,1104.306009,895.4038038,1028.295303,147.7550474,143.2363747,108.1705675,4449.365366,3578.026447,25957.38088
1538,1104.306009,895.4038038,1028.295303,147.7550474,143.2363747,108.1705675,4449.365366,3578.026447,25957.38088
1539,1104.306009,895.4038038,1028.295303,147.7550474,143.2363747,108.1705675,4449.365366,3578.026447,25957.38088
1540,1104.306009,895.4038038,1028.295303,147.7550474,143.2363747,108.1705675,4449.365366,3578.026447,25957.38088
1541,1104.306009,895.4038038,1028.295303,147.7550474,143.2363747,108.1705675,4449.365366,3578.026447,25957.38088
1542,1104.306009,895.4038038,1028.295303,147.7550474,143.2363747,108.1705675,4449.365366,3578.026447,25957.38088
1543,1104.306009,895.4038038,1028.295303,147.7550474,143.2363747,108.1705675,4449.365366,3578.026447,25957.38088
1544,1104.306009,895.4038038,1028.295303,147.7550474,143.2363747,108.1705675,4449.365366,3578.026447,25957.38088
1545,1104.306009,895.4038038,1028.295303,147.7550474,143.2363747,108.1705675,4449.365366,3578.026447,25957.38088
1546,1104.306009,895.4038038,1028.295303,147.7550474,143.2363747,108.1705675,4449.365366,3578.026447,25957.38088
1547,1104.306009,895.4038038,1028.295303,147.7550474,143.2363747,108.1705675,4449.365366,3578.026447,25957.38088
1548,1104.306009,895.4038038,1028.295303,147.7550474,143.2363747,108.1705675,4449.365366,3578.026447,25957.38088
1549,1104.306009,895.4038038,1028.295303,147.7550474,143.2363747,108.1705675,4449.365366,3578.026447,25957.38088
1550,1104.306009,895.4038038,1028.295303,147.7550474,143.2363747,108.1705675,4449.365366,3578.026447,25957.38088
1551,1104.306009,895.4038038,1028.295303,147.7550474,143.2363747,108.1705675,4449.365366,3578.026447,25957.38088
1552,1104.306009,895.4038038,1028.295303,147.7550474,143.2363747,108.1705675,4449.365366,3578.026447,25957.38088
1553,1104.306009,895.4038038,1028.295303,147.7550474,143.2363747,108.1705675,4449.365366,3578.026447,25957.38088
1554,1307.760688,1067.360594,862.8204867,285.414319,277.5611489,207.0721422,1950.992758,6613.577343,37716.07349
1555,1307.760688,1067.360594,862.8204867,285.414319,277.5611489,207.0721422,1950.992758,6613.577343,37716.07349
1556,1307.760688,1067.360594,862.8204867,285.414319,277.5611489,207.0721422,1950.992758,6613.577343,37716.07349
1557,1307.760688,1067.360594,862.8204867,285.414319,277.5611489,207.0721422,1950.992758,6613.577343,37716.07349
1558,1307.760688,1067.360594,862.8204867,285.414319,277.5611489,207.0721422,1950.992758,6613.577343,37716.07349
1559,1307.760688,1067.360594,862.8204867,285.414319,277.5611489,207.0721422,1950.992758,6613.577343,37716.07349
1560,1307.760688,1067.360594,862.8204867,285.414319,277.5611489,207.0721422,1950.992758,6613.577343,37716.07349
1561,1307.760688,1067.360594,862.8204867,285.414319,277.5611489,207.0721422,1950.992758,6613.577343,37716.07349
1562,1307.760688,1067.360594,862.8204867,285.414319,277.5611489,207.0721422,1950.992758,6613.577343,37716.07349
1563,1307.760688,1067.360594,862.8204867,285.414319,277.5611489,207.0721422,1950.992758,6613.577343,37716.07349
1564,1307.760688,1067.360594,862.8204867,285.414319,277.5611489,207.0721422,1950.992758,6613.577343,37716.07349
1565,1307.760688,1067.360594,862.8204867,285.414319,277.5611489,207.0721422,1950.992758,6613.577343,37716.07349
1566,1307.760688,1067.360594,862.8204867,285.414319,277.5611489,207.0721422,1950.992758,6613.577343,37716.07349
1567,1307.760688,1067.360594,862.8204867,285.414319,277.5611489,207.0721422,1950.992758,6613.577343,37716.07349
1568,1307.760688,1067.360594,862.8204867,285.414319,277.5611489,207.0721422,1950.992758,6613.577343,37716.07349
1569,1307.760688,1067.360594,862.8204867,285.414319,277.5611489,207.0721422,1950.992758,6613.577343,37716.07349
1570,1307.760688,1067.360594,862.8204867,285.414319,277.5611489,207.0721422,1950.992758,6613.577343,37716.07349
1571,1307.760688,1067.360594,862.8204867,285.414319,277.5611489,207.0721422,1950.992758,6613.577343,37716.07349
1572,1307.760688,1067.360594,862.8204867,285.414319,277.5611489,207.0721422,1950.992758,6613.577343,37716.07349
1573,1307.760688,1067.360594,862.8204867,285.414319,277.5611489,207.0721422,1950.992758,6613.577343,37716.07349
1574,1307.760688,1067.360594,862.8204867,285.414319,277.5611489,207.0721422,1950.992758,6613.577343,37716.07349
1575,1092.55658,803.6671847,663.2928312,84.92671414,263.2433034,91.39301568,5369.56191,3955.899042,62820.69918
1576,1092.55658,803.6671847,663.2928312,84.92671414,263.2433034,91.39301568,5369.56191,3955.899042,62820.69918
1577,1092.55658,803.6671847,663.2928312,84.92671414,263.2433034,91.39301568,5369.56191,3955.899042,62820.69918
1578,1092.55658,803.6671847,663.2928312,84.92671414,263.2433034,91.39301568,5369.56191,3955.899042,62820.69918
1579,1092.55658,803.6671847,663.2928312,84.92671414,263.2433034,91.39301568,5369.56191,3955.899042,62820.69918
1580,1092.55658,803.6671847,663.2928312,84.92671414,263.2433034,91.39301568,5369.56191,3955.899042,62820.69918
1581,1092.55658,803.6671847,663.2928312,84.92671414,263.2433034,91.39301568,5369.56191,3955.899042,62820.69918
1582,1092.55658,803.6671847,663.2928312,84.92671414,263.2433034,91.39301568,5369.56191,3955.899042,62820.69918
1583,1092.55658,803.6671847,663.2928312,84.92671414,263.2433034,91.39301568,5369.56191,3955.899042,62820.69918
1584,1092.55658,803.6671847,663.2928312,84.92671414,263.2433034,91.39301568,5369.56191,3955.899042,62820.69918
1585,1092.55658,803.6671847,663.2928312,84.92671414,263.2433034,91.39301568,5369.56191,3955.899042,62820.69918
1586,1092.55658,803.6671847,663.2928312,84.92671414,263.2433034,91.39301568,5369.56191,3955.899042,62820.69918
1587,1092.55658,803.6671847,663.2928312,84.92671414,263.2433034,91.39301568,5369.56191,3955.899042,62820.69918
1588,1092.55658,803.6671847,663.2928312,84.92671414,263.2433034,91.39301568,5369.56191,3955.899042,62820.69918
1589,1092.55658,803.6671847,663.2928312,84.92671414,263.2433034,91.39301568,5369.56191,3955.899042,62820.69918
1590,1092.55658,803.6671847,663.2928312,84.92671414,263.2433034,91.39301568,5369.56191,3955.899042,62820.69918
1591,1092.55658,803.6671847,663.2928312,84.92671414,263.2433034,91.39301568,5369.56191,3955.899042,62820.69918
1592,1092.55658,803.6671847,663.2928312,84.92671414,263.2433034,91.39301568,5369.56191,3955.899042,62820.69918
1593,1092.55658,803.6671847,663.2928312,84.92671414,263.2433034,91.39301568,5369.56191,3955.899042,62820.69918
1594,1092.55658,803.6671847,663.2928312,84.92671414,263.2433034,91.39301568,5369.56191,3955.899042,62820.69918
1595,1092.55658,803.6671847,663.2928312,84.92671414,263.2433034,91.39301568,5369.56191,3955.899042,62820.69918
1596,660.0070954,2760.605379,527.3933448,117.6479001,111.4060328,155.6650641,4515.399674,10219.01331,44442.75231
1597,660.0070954,2760.605379,527.3933448,117.6479001,111.4060328,155.6650641,4515.399674,10219.01331,44442.75231
1598,660.0070954,2760.605379,527.3933448,117.6479001,111.4060328,155.6650641,4515.399674,10219.01331,44442.75231
1599,660.0070954,2760.605379,527.3933448,117.6479001,111.4060328,155.6650641,4515.399674,10219.01331,44442.75231
1600,660.0070954,2760.605379,527.3933448,117.6479001,111.4060328,155.6650641,4515.399674,10219.01331,44442.75231
1601,660.0070954,2760.605379,527.3933448,117.6479001,111.4060328,155.6650641,4515.399674,10219.01331,44442.75231
1602,660.0070954,2760.605379,527.3933448,117.6479001,111.4060328,155.6650641,4515.399674,10219.01331,44442.75231
1603,660.0070954,2760.605379,527.3933448,117.6479001,111.4060328,155.6650641,4515.399674,10219.01331,44442.75231
1604,660.0070954,2760.605379,527.3933448,117.6479001,111.4060328,155.6650641,4515.399674,10219.01331,44442.75231
1605,660.0070954,2760.605379,527.3933448,117.6479001,111.4060328,155.6650641,4515.399674,10219.01331,44442.75231
1606,660.0070954,2760.605379,527.3933448,117.6479001,111.4060328,155.6650641,4515.399674,10219.01331,44442.75231
1607,660.0070954,2760.605379,527.3933448,117.6479001,111.4060328,155.6650641,4515.399674,10219.01331,44442.75231
1608,660.0070954,2760.605379,527.3933448,117.6479001,111.4060328,155.6650641,4515.399674,10219.01331,44442.75231
1609,660.0070954,2760.605379,527.3933448,117.6479001,111.4060328,155.6650641,4515.399674,10219.01331,44442.75231
1610,660.0070954,2760.605379,527.3933448,117.6479001,111.4060328,155.6650641,4515.399674,10219.01331,44442.75231
1611,660.0070954,2760.605379,527.3933448,117.6479001,111.4060328,155.6650641,4515.399674,10219.01331,44442.75231
1612,660.0070954,2760.605379,527.3933448,117.6479001,111.4060328,155.6650641,4515.399674,10219.01331,44442.75231
1613,660.0070954,2760.605379,527.3933448,117.6479001,111.4060328,155.6650641,4515.399674,10219.01331,44442.75231
1614,660.0070954,2760.605379,527.3933448,117.6479001,111.4060328,155.6650641,4515.399674,10219.01331,44442.75231
1615,660.0070954,2760.605379,527.3933448,117.6479001,111.4060328,155.6650641,4515.399674,10219.01331,44442.75231
1616,660.0070954,2760.605379,527.3933448,117.6479001,111.4060328,155.6650641,4515.399674,10219.01331,44442.75231
1617,752.8600388,1117.671845,522.2283089,95.55818163,324.4941787,109.1149107,2974.831551,8339.957555,46059.35319
1618,752.8600388,1117.671845,522.2283089,95.55818163,324.4941787,109.1149107,2974.831551,8339.957555,46059.35319
1619,752.8600388,1117.671845,522.2283089,95.55818163,324.4941787,109.1149107,2974.831551,8339.957555,46059.35319
1620,752.8600388,1117.671845,522.2283089,95.55818163,324.4941787,109.1149107,2974.831551,8339.957555,46059.35319
1621,752.8600388,1117.671845,522.2283089,95.55818163,324.4941787,109.1149107,2974.831551,8339.957555,46059.35319
1622,752.8600388,1117.671845,522.2283089,95.55818163,324.4941787,109.1149107,2974.831551,8339.957555,46059.35319
1623,752.8600388,1117.671845,522.2283089,95.55818163,324.4941787,109.1149107,2974.831551,8339.957555,46059.35319
1624,752.8600388,1117.671845,522.2283089,95.55818163,324.4941787,109.1149107,2974.831551,8339.957555,46059.35319
1625,752.8600388,1117.671845,522.2283089,95.55818163,324.4941787,109.1149107,2974.831551,8339.957555,46059.35319
1626,752.8600388,1117.671845,522.2283089,95.55818163,324.4941787,109.1149107,2974.831551,8339.957555,46059.35319
1627,752.8600388,1117.671845,522.2283089,95.55818163,324.4941787,109.1149107,2974.831551,8339.957555,46059.35319
1628,752.8600388,1117.671845,522.2283089,95.55818163,324.4941787,109.1149107,2974.831551,8339.957555,46059.35319
1629,752.8600388,1117.671845,522.2283089,95.55818163,324.4941787,109.1149107,2974.831551,8339.957555,46059.35319
1630,752.8600388,1117.671845,522.2283089,95.55818163,324.4941787,109.1149107,2974.831551,8339.957555,46059.35319
1631,752.8600388,1117.671845,522.2283089,95.55818163,324.4941787,109.1149107,2974.831551,8339.957555,46059.35319
1632,752.8600388,1117.671845,522.2283089,95.55818163,324.4941787,109.1149107,2974.831551,8339.957555,46059.35319
1633,752.8600388,1117.671845,522.2283089,95.55818163,324.4941787,109.1149107,2974.831551,8339.957555,46059.35319
1634,752.8600388,1117.671845,522.2283089,95.55818163,324.4941787,109.1149107,2974.831551,8339.957555,46059.35319
1635,752.8600388,1117.671845,522.2283089,95.55818163,324.4941787,109.1149107,2974.831551,8339.957555,46059.35319
1636,752.8600388,1117.671845,522.2283089,95.55818163,324.4941787,109.1149107,2974.831551,8339.957555,46059.35319
1637,752.8600388,1117.671845,522.2283089,95.55818163,324.4941787,109.1149107,2974.831551,8339.957555,46059.35319
1638,808.7480789,1492.513097,488.1633348,79.90243809,166.1201628,194.3067183,2812.867718,13736.65898,40667.00113
1639,808.7480789,1492.513097,488.1633348,79.90243809,166.1201628,194.3067183,2812.867718,13736.65898,40667.00113
1640,808.7480789,1492.513097,488.1633348,79.90243809,166.1201628,194.3067183,2812.867718,13736.65898,40667.00113
1641,808.7480789,1492.513097,488.1633348,79.90243809,166.1201628,194.3067183,2812.867718,13736.65898,40667.00113
1642,808.7480789,1492.513097,488.1633348,79.90243809,166.1201628,194.3067183,2812.867718,13736.65898,40667.00113
1643,808.7480789,1492.513097,488.1633348,79.90243809,166.1201628,194.3067183,2812.867718,13736.65898,40667.00113
1644,808.7480789,1492.513097,488.1633348,79.90243809,166.1201628,194.3067183,2812.867718,13736.65898,40667.00113
1645,808.7480789,1492.513097,488.1633348,79.90243809,166.1201628,194.3067183,2812.867718,13736.65898,40667.00113
1646,808.7480789,1492.513097,488.1633348,79.90243809,166.1201628,194.3067183,2812.867718,13736.65898,40667.00113
1647,808.7480789,1492.513097,488.1633348,79.90243809,166.1201628,194.3067183,2812.867718,13736.65898,40667.00113
1648,808.7480789,1492.513097,488.1633348,79.90243809,166.1201628,194.3067183,2812.867718,13736.65898,40667.00113
1649,808.7480789,1492.513097,488.1633348,79.90243809,166.1201628,194.3067183,2812.867718,13736.65898,40667.00113
1650,808.7480789,1492.513097,488.1633348,79.90243809,166.1201628,194.3067183,2812.867718,13736.65898,40667.00113
1651,808.7480789,1492.513097,488.1633348,79.90243809,166.1201628,194.3067183,2812.867718,13736.65898,40667.00113
1652,808.7480789,1492.513097,488.1633348,79.90243809,166.1201628,194.3067183,2812.867718,13736.65898,40667.00113
1653,808.7480789,1492.513097,488.1633348,79.90243809,166.1201628,194.3067183,2812.867718,13736.65898,40667.00113
1654,808.7480789,1492.513097,488.1633348,79.90243809,166.1201628,194.3067183,2812.867718,13736.65898,40667.00113
1655,808.7480789,1492.513097,488.1633348,79.90243809,166.1201628,194.3067183,2812.867718,13736.65898,40667.00113
1656,808.7480789,1492.513097,488.1633348,79.90243809,166.1201628,194.3067183,2812.867718,13736.65898,40667.00113
1657,808.7480789,1492.513097,488.1633348,79.90243809,166.1201628,194.3067183,2812.867718,13736.65898,40667.00113
1658,808.7480789,1492.513097,488.1633348,79.90243809,166.1201628,194.3067183,2812.867718,13736.65898,40667.00113
1659,1479.126879,1424.233949,889.9631469,59.36078486,336.3937549,191.6450732,5116.169281,4140.501019,30806.52847
1660,1479.126879,1424.233949,889.9631469,59.36078486,336.3937549,191.6450732,5116.169281,4140.501019,30806.52847
1661,1479.126879,1424.233949,889.9631469,59.36078486,336.3937549,191.6450732,5116.169281,4140.501019,30806.52847
1662,1479.126879,1424.233949,889.9631469,59.36078486,336.3937549,191.6450732,5116.169281,4140.501019,30806.52847
1663,1479.126879,1424.233949,889.9631469,59.36078486,336.3937549,191.6450732,5116.169281,4140.501019,30806.52847
1664,1479.126879,1424.233949,889.9631469,59.36078486,336.3937549,191.6450732,5116.169281,4140.501019,30806.52847
1665,1479.126879,1424.233949,889.9631469,59.36078486,336.3937549,191.6450732,5116.169281,4140.501019,30806.52847
1666,1479.126879,1424.233949,889.9631469,59.36078486,336.3937549,191.6450732,5116.169281,4140.501019,30806.52847
1667,1479.126879,1424.233949,889.9631469,59.36078486,336.3937549,191.6450732,5116.169281,4140.501019,30806.52847
1668,1479.126879,1424.233949,889.9631469,59.36078486,336.3937549,191.6450732,5116.169281,4140.501019,30806.52847
1669,1479.126879,1424.233949,889.9631469,59.36078486,336.3937549,191.6450732,5116.169281,4140.501019,30806.52847
1670,1479.126879,1424.233949,889.9631469,59.36078486,336.3937549,191.6450732,5116.169281,4140.501019,30806.52847
1671,1479.126879,1424.233949,889.9631469,59.36078486,336.3937549,191.6450732,5116.169281,4140.501019,30806.52847
1672,1479.126879,1424.233949,889.9631469,59.36078486,336.3937549,191.6450732,5116.169281,4140.501019,30806.52847
1673,1479.126879,1424.233949,889.9631469,59.36078486,336.3937549,191.6450732,5116.169281,4140.501019,30806.52847
1674,1479.126879,1424.233949,889.9631469,59.36078486,336.3937549,191.6450732,5116.169281,4140.501019,30806.52847
1675,1479.126879,1424.233949,889.9631469,59.36078486,336.3937549,191.6450732,5116.169281,4140.501019,30806.52847
1676,1479.126879,1424.233949,889.9631469,59.36078486,336.3937549,191.6450732,5116.169281,4140.501019,30806.52847
1677,1479.126879,1424.233949,889.9631469,59.36078486,336.3937549,191.6450732,5116.169281,4140.501019,30806.52847
1678,1479.126879,1424.233949,889.9631469,59.36078486,336.3937549,191.6450732,5116.169281,4140.501019,30806.52847
1679,1479.126879,1424.233949,889.9631469,59.36078486,336.3937549,191.6450732,5116.169281,4140.501019,30806.52847
1680,1059.498045,1208.188956,540.6827631,231.1665008,401.8764979,169.473076,4238.983309,5555.971526,52917.36218
1681,1059.498045,1208.188956,540.6827631,231.1665008,401.8764979,169.473076,4238.983309,5555.971526,52917.36218
1682,1059.498045,1208.188956,540.6827631,231.1665008,401.8764979,169.473076,4238.983309,5555.971526,52917.36218
1683,1059.498045,1208.188956,540.6827631,231.1665008,401.8764979,169.473076,4238.983309,5555.971526,52917.36218
1684,1059.498045,1208.188956,540.6827631,231.1665008,401.8764979,169.473076,4238.983309,5555.971526,52917.36218
1685,1059.498045,1208.188956,540.6827631,231.1665008,401.8764979,169.473076,4238.983309,5555.971526,52917.36218
1686,1059.498045,1208.188956,540.6827631,231.1665008,401.8764979,169.473076,4238.983309,5555.971526,52917.36218
1687,1059.498045,1208.188956,540.6827631,231.1665008,401.8764979,169.473076,4238.983309,5555.971526,52917.36218
1688,1059.498045,1208.188956,540.6827631,231.1665008,401.8764979,169.473076,4238.983309,5555.971526,52917.36218
1689,1059.498045,1208.188956,540.6827631,231.1665008,401.8764979,169.473076,4238.983309,5555.971526,52917.36218
1690,1059.498045,1208.188956,540.6827631,231.1665008,401.8764979,169.473076,4238.983309,5555.971526,52917.36218
1691,1059.498045,1208.188956,540.6827631,231.1665008,401.8764979,169.473076,4238.983309,5555.971526,52917.36218
1692,1059.498045,1208.188956,540.6827631,231.1665008,401.8764979,169.473076,4238.983309,5555.971526,52917.36218
1693,1059.498045,1208.188956,540.6827631,231.1665008,401.8764979,169.473076,4238.983309,5555.971526,52917.36218
1694,1059.498045,1208.188956,540.6827631,231.1665008,401.8764979,169.473076,4238.983309,5555.971526,52917.36218
1695,1059.498045,1208.188956,540.6827631,231.1665008,401.8764979,169.473076,4238.983309,5555.971526,52917.36218
1696,1059.498045,1208.188956,540.6827631,231.1665008,401.8764979,169.473076,4238.983309,5555.971526,52917.36218
1697,1059.498045,1208.188956,540.6827631,231.1665008,401.8764979,169.473076,4238.983309,5555.971526,52917.36218
1698,1059.498045,1208.188956,540.6827631,231.1665008,401.8764979,169.473076,4238.983309,5555.971526,52917.36218
1699,1059.498045,1208.188956,540.6827631,231.1665008,401.8764979,169.473076,4238.983309,5555.971526,52917.36218
1700,1059.498045,1208.188956,540.6827631,231.1665008,401.8764979,169.473076,4238.983309,5555.971526,52917.36218
1701,891.0968347,899.5082114,908.6998158,129.4693947,200.3028919,87.36405299,11941.80382,9054.003711,76192.95548
1702,891.0968347,899.5082114,908.6998158,129.4693947,200.3028919,87.36405299,11941.80382,9054.003711,76192.95548
1703,891.0968347,899.5082114,908.6998158,129.4693947,200.3028919,87.36405299,11941.80382,9054.003711,76192.95548
1704,891.0968347,899.5082114,908.6998158,129.4693947,200.3028919,87.36405299,11941.80382,9054.003711,76192.95548
1705,891.0968347,899.5082114,908.6998158,129.4693947,200.3028919,87.36405299,11941.80382,9054.003711,76192.95548
1706,891.0968347,899.5082114,908.6998158,129.4693947,200.3028919,87.36405299,11941.80382,9054.003711,76192.95548
1707,891.0968347,899.5082114,908.6998158,129.4693947,200.3028919,87.36405299,11941.80382,9054.003711,76192.95548
1708,891.0968347,899.5082114,908.6998158,129.4693947,200.3028919,87.36405299,11941.80382,9054.003711,76192.95548
1709,891.0968347,899.5082114,908.6998158,129.4693947,200.3028919,87.36405299,11941.80382,9054.003711,76192.95548
1710,891.0968347,899.5082114,908.6998158,129.4693947,200.3028919,87.36405299,11941.80382,9054.003711,76192.95548
1711,891.0968347,899.5082114,908.6998158,129.4693947,200.3028919,87.36405299,11941.80382,9054.003711,76192.95548
1712,891.0968347,899.5082114,908.6998158,129.4693947,200.3028919,87.36405299,11941.80382,9054.003711,76192.95548
1713,891.0968347,899.5082114,908.6998158,129.4693947,200.3028919,87.36405299,11941.80382,9054.003711,76192.95548
1714,891.0968347,899.5082114,908.6998158,129.4693947,200.3028919,87.36405299,11941.80382,9054.003711,76192.95548
1715,891.0968347,899.5082114,908.6998158,129.4693947,200.3028919,87.36405299,11941.80382,9054.003711,76192.95548
1716,891.0968347,899.5082114,908.6998158,129.4693947,200.3028919,87.36405299,11941.80382,9054.003711,76192.95548
1717,891.0968347,899.5082114,908.6998158,129.4693947,200.3028919,87.36405299,11941.80382,9054.003711,76192.95548
1718,891.0968347,899.5082114,908.6998158,129.4693947,200.3028919,87.36405299,11941.80382,9054.003711,76192.95548
1719,891.0968347,899.5082114,908.6998158,129.4693947,200.3028919,87.36405299,11941.80382,9054.003711,76192.95548
1720,891.0968347,899.5082114,908.6998158,129.4693947,200.3028919,87.36405299,11941.80382,9054.003711,76192.95548
1721,891.0968347,899.5082114,908.6998158,129.4693947,200.3028919,87.36405299,11941.80382,9054.003711,76192.95548
1722,1213.201477,1062.142938,480.2413807,91.89132029,316.0262321,209.6974296,3392.1619,6262.959531,122170.4602
1723,1213.201477,1062.142938,480.2413807,91.89132029,316.0262321,209.6974296,3392.1619,6262.959531,122170.4602
1724,1213.201477,1062.142938,480.2413807,91.89132029,316.0262321,209.6974296,3392.1619,6262.959531,122170.4602
1725,1213.201477,1062.142938,480.2413807,91.89132029,316.0262321,209.6974296,3392.1619,6262.959531,122170.4602
1726,1213.201477,1062.142938,480.2413807,91.89132029,316.0262321,209.6974296,3392.1619,6262.959531,122170.4602
1727,1213.201477,1062.142938,480.2413807,91.89132029,316.0262321,209.6974296,3392.1619,6262.959531,122170.4602
1728,1213.201477,1062.142938,480.2413807,91.89132029,316.0262321,209.6974296,3392.1619,6262.959531,122170.4602
1729,1213.201477,1062.142938,480.2413807,91.89132029,316.0262321,209.6974296,3392.1619,6262.959531,122170.4602
1730,1213.201477,1062.142938,480.2413807,91.89132029,316.0262321,209.6974296,3392.1619,6262.959531,122170.4602
1731,1213.201477,1062.142938,480.2413807,91.89132029,316.0262321,209.6974296,3392.1619,6262.959531,122170.4602
1732,1213.201477,1062.142938,480.2413807,91.89132029,316.0262321,209.6974296,3392.1619,6262.959531,122170.4602
1733,1213.201477,1062.142938,480.2413807,91.89132029,316.0262321,209.6974296,3392.1619,6262.959531,122170.4602
1734,1213.201477,1062.142938,480.2413807,91.89132029,316.0262321,209.6974296,3392.1619,6262.959531,122170.4602
1735,1213.201477,1062.142938,480.2413807,91.89132029,316.0262321,209.6974296,3392.1619,6262.959531,122170.4602
1736,1213.201477,1062.142938,480.2413807,91.89132029,316.0262321,209.6974296,3392.1619,6262.959531,122170.4602
1737,1213.201477,1062.142938,480.2413807,91.89132029,316.0262321,209.6974296,3392.1619,6262.959531,122170.4602
1738,1213.201477,1062.142938,480.2413807,91.89132029,316.0262321,209.6974296,3392.1619,6262.959531,122170.4602
1739,1213.201477,1062.142938,480.2413807,91.89132029,316.0262321,209.6974296,3392.1619,6262.959531,122170.4602
1740,1213.201477,1062.142938,480.2413807,91.89132029,316.0262321,209.6974296,3392.1619,6262.959531,122170.4602
1741,1213.201477,1062.142938,480.2413807,91.89132029,316.0262321,209.6974296,3392.1619,6262.959531,122170.4602
1742,1213.201477,1062.142938,480.2413807,91.89132029,316.0262321,209.6974296,3392.1619,6262.959531,122170.4602
1743,845.9658261,1338.165979,1115.335766,120.856253,163.9131989,117.2876513,9785.964443,8814.716658,86851.83034
1744,845.9658261,1338.165979,1115.335766,120.856253,163.9131989,117.2876513,9785.964443,8814.716658,86851.83034
1745,845.9658261,1338.165979,1115.335766,120.856253,163.9131989,117.2876513,9785.964443,8814.716658,86851.83034
1746,845.9658261,1338.165979,1115.335766,120.856253,163.9131989,117.2876513,9785.964443,8814.716658,86851.83034
1747,845.9658261,1338.165979,1115.335766,120.856253,163.9131989,117.2876513,9785.964443,8814.716658,86851.83034
1748,845.9658261,1338.165979,1115.335766,120.856253,163.9131989,117.2876513,9785.964443,8814.716658,86851.83034
1749,845.9658261,1338.165979,1115.335766,120.856253,163.9131989,117.2876513,9785.964443,8814.716658,86851.83034
1750,845.9658261,1338.165979,1115.335766,120.856253,163.9131989,117.2876513,9785.964443,8814.716658,86851.83034
1751,845.9658261,1338.165979,1115.335766,120.856253,163.9131989,117.2876513,9785.964443,8814.716658,86851.83034
1752,845.9658261,1338.165979,1115.335766,120.856253,163.9131989,117.2876513,9785.964443,8814.716658,86851.83034
1753,845.9658261,1338.165979,1115.335766,120.856253,163.9131989,117.2876513,9785.964443,8814.716658,86851.83034
1754,845.9658261,1338.165979,1115.335766,120.856253,163.9131989,117.2876513,9785.964443,8814.716658,86851.83034
1755,845.9658261,1338.165979,1115.335766,120.856253,163.9131989,117.2876513,9785.964443,8814.716658,86851.83034
1756,845.9658261,1338.165979,1115.335766,120.856253,163.9131989,117.2876513,9785.964443,8814.716658,86851.83034
1757,845.9658261,1338.165979,1115.335766,120.856253,163.9131989,117.2876513,9785.964443,8814.716658,86851.83034
1758,845.9658261,1338.165979,1115.335766,120.856253,163.9131989,117.2876513,9785.964443,8814.716658,86851.83034
1759,845.9658261,1338.165979,1115.335766,120.856253,163.9131989,117.2876513,9785.964443,8814.716658,86851.83034
1760,845.9658261,1338.165979,1115.335766,120.856253,163.9131989,117.2876513,9785.964443,8814.716658,86851.83034
1761,845.9658261,1338.165979,1115.335766,120.856253,163.9131989,117.2876513,9785.964443,8814.716658,86851.83034
1762,845.9658261,1338.165979,1115.335766,120.856253,163.9131989,117.2876513,9785.964443,8814.716658,86851.83034
1763,845.9658261,1338.165979,1115.335766,120.856253,163.9131989,117.2876513,9785.964443,8814.716658,86851.83034
1764,1237.841105,1548.731984,800.2763263,138.3756522,137.4747705,165.8072264,7563.067857,7900.094959,128005.6475
1765,1237.841105,1548.731984,800.2763263,138.3756522,137.4747705,165.8072264,7563.067857,7900.094959,128005.6475
1766,1237.841105,1548.731984,800.2763263,138.3756522,137.4747705,165.8072264,7563.067857,7900.094959,128005.6475
1767,1237.841105,1548.731984,800.2763263,138.3756522,137.4747705,165.8072264,7563.067857,7900.094959,128005.6475
1768,1237.841105,1548.731984,800.2763263,138.3756522,137.4747705,165.8072264,7563.067857,7900.094959,128005.6475
1769,1237.841105,1548.731984,800.2763263,138.3756522,137.4747705,165.8072264,7563.067857,7900.094959,128005.6475
1770,1237.841105,1548.731984,800.2763263,138.3756522,137.4747705,165.8072264,7563.067857,7900.094959,128005.6475
1771,1237.841105,1548.731984,800.2763263,138.3756522,137.4747705,165.8072264,7563.067857,7900.094959,128005.6475
1772,1237.841105,1548.731984,800.2763263,138.3756522,137.4747705,165.8072264,7563.067857,7900.094959,128005.6475
1773,1237.841105,1548.731984,800.2763263,138.3756522,137.4747705,165.8072264,7563.067857,7900.094959,128005.6475
1774,1237.841105,1548.731984,800.2763263,138.3756522,137.4747705,165.8072264,7563.067857,7900.094959,128005.6475
1775,1237.841105,1548.731984,800.2763263,138.3756522,137.4747705,165.8072264,7563.067857,7900.094959,128005.6475
1776,1237.841105,1548.731984,800.2763263,138.3756522,137.4747705,165.8072264,7563.067857,7900.094959,128005.6475
1777,1237.841105,1548.731984,800.2763263,138.3756522,137.4747705,165.8072264,7563.067857,7900.094959,128005.6475
1778,1237.841105,1548.731984,800.2763263,138.3756522,137.4747705,165.8072264,7563.067857,7900.094959,128005.6475
1779,1237.841105,1548.731984,800.2763263,138.3756522,137.4747705,165.8072264,7563.067857,7900.094959,128005.6475
1780,1237.841105,1548.731984,800.2763263,138.3756522,137.4747705,165.8072264,7563.067857,7900.094959,128005.6475
1781,1237.841105,1548.731984,800.2763263,138.3756522,137.4747705,165.8072264,7563.067857,7900.094959,128005.6475
1782,1237.841105,1548.731984,800.2763263,138.3756522,137.4747705,165.8072264,7563.067857,7900.094959,128005.6475
1783,1237.841105,1548.731984,800.2763263,138.3756522,137.4747705,165.8072264,7563.067857,7900.094959,128005.6475
1784,1237.841105,1548.731984,800.2763263,138.3756522,137.4747705,165.8072264,7563.067857,7900.094959,128005.6475
1785,955.4039587,2113.303809,865.9813632,118.9323217,375.1734979,279.2982335,11134.46057,4824.166532,95153.48056
1786,955.4039587,2113.303809,865.9813632,118.9323217,375.1734979,279.2982335,11134.46057,4824.166532,95153.48056
1787,955.4039587,2113.303809,865.9813632,118.9323217,375.1734979,279.2982335,11134.46057,4824.166532,95153.48056
1788,955.4039587,2113.303809,865.9813632,118.9323217,375.1734979,279.2982335,11134.46057,4824.166532,95153.48056
1789,955.4039587,2113.303809,865.9813632,118.9323217,375.1734979,279.2982335,11134.46057,4824.166532,95153.48056
1790,955.4039587,2113.303809,865.9813632,118.9323217,375.1734979,279.2982335,11134.46057,4824.166532,95153.48056
1791,955.4039587,2113.303809,865.9813632,118.9323217,375.1734979,279.2982335,11134.46057,4824.166532,95153.48056
1792,955.4039587,2113.303809,865.9813632,118.9323217,375.1734979,279.2982335,11134.46057,4824.166532,95153.48056
1793,955.4039587,2113.303809,865.9813632,118.9323217,375.1734979,279.2982335,11134.46057,4824.166532,95153.48056
1794,955.4039587,2113.303809,865.9813632,118.9323217,375.1734979,279.2982335,11134.46057,4824.166532,95153.48056
1795,955.4039587,2113.303809,865.9813632,118.9323217,375.1734979,279.2982335,11134.46057,4824.166532,95153.48056
1796,955.4039587,2113.303809,865.9813632,118.9323217,375.1734979,279.2982335,11134.46057,4824.166532,95153.48056
1797,955.4039587,2113.303809,865.9813632,118.9323217,375.1734979,279.2982335,11134.46057,4824.166532,95153.48056
1798,955.4039587,2113.303809,865.9813632,118.9323217,375.1734979,279.2982335,11134.46057,4824.166532,95153.48056
1799,955.4039587,2113.303809,865.9813632,118.9323217,375.1734979,279.2982335,11134.46057,4824.166532,95153.48056
1800,955.4039587,2113.303809,865.9813632,118.9323217,375.1734979,279.2982335,11134.46057,4824.166532,95153.48056
1801,955.4039587,2113.303809,865.9813632,118.9323217,375.1734979,279.2982335,11134.46057,4824.166532,95153.48056
1802,955.4039587,2113.303809,865.9813632,118.9323217,375.1734979,279.2982335,11134.46057,4824.166532,95153.48056
1803,955.4039587,2113.303809,865.9813632,118.9323217,375.1734979,279.2982335,11134.46057,4824.166532,95153.48056
1804,955.4039587,2113.303809,865.9813632,118.9323217,375.1734979,279.2982335,11134.46057,4824.166532,95153.48056
1805,955.4039587,2113.303809,865.9813632,118.9323217,375.1734979,279.2982335,11134.46057,4824.166532,95153.48056
1806,743.8599054,2472.14648,516.2783577,161.0935584,109.567881,257.4786713,4511.888335,15572.6412,86749.44274
1807,743.8599054,2472.14648,516.2783577,161.0935584,109.567881,257.4786713,4511.888335,15572.6412,86749.44274
1808,743.8599054,2472.14648,516.2783577,161.0935584,109.567881,257.4786713,4511.888335,15572.6412,86749.44274
1809,743.8599054,2472.14648,516.2783577,161.0935584,109.567881,257.4786713,4511.888335,15572.6412,86749.44274
1810,743.8599054,2472.14648,516.2783577,161.0935584,109.567881,257.4786713,4511.888335,15572.6412,86749.44274
1811,743.8599054,2472.14648,516.2783577,161.0935584,109.567881,257.4786713,4511.888335,15572.6412,86749.44274
1812,743.8599054,2472.14648,516.2783577,161.0935584,109.567881,257.4786713,4511.888335,15572.6412,86749.44274
1813,743.8599054,2472.14648,516.2783577,161.0935584,109.567881,257.4786713,4511.888335,15572.6412,86749.44274
1814,743.8599054,2472.14648,516.2783577,161.0935584,109.567881,257.4786713,4511.888335,15572.6412,86749.44274
1815,743.8599054,2472.14648,516.2783577,161.0935584,109.567881,257.4786713,4511.888335,15572.6412,86749.44274
1816,743.8599054,2472.14648,516.2783577,161.0935584,109.567881,257.4786713,4511.888335,15572.6412,86749.44274
1817,743.8599054,2472.14648,516.2783577,161.0935584,109.567881,257.4786713,4511.888335,15572.6412,86749.44274
1818,743.8599054,2472.14648,516.2783577,161.0935584,109.567881,257.4786713,4511.888335,15572.6412,86749.44274
1819,743.8599054,2472.14648,516.2783577,161.0935584,109.567881,257.4786713,4511.888335,15572.6412,86749.44274
1820,743.8599054,2472.14648,516.2783577,161.0935584,109.567881,257.4786713,4511.888335,15572.6412,86749.44274
1821,743.8599054,2472.14648,516.2783577,161.0935584,109.567881,257.4786713,4511.888335,15572.6412,86749.44274
1822,743.8599054,2472.14648,516.2783577,161.0935584,109.567881,257.4786713,4511.888335,15572.6412,86749.44274
1823,743.8599054,2472.14648,516.2783577,161.0935584,109.567881,257.4786713,4511.888335,15572.6412,86749.44274
1824,743.8599054,2472.14648,516.2783577,161.0935584,109.567881,257.4786713,4511.888335,15572.6412,86749.44274
1825,743.8599054,2472.14648,516.2783577,161.0935584,109.567881,257.4786713,4511.888335,15572.6412,86749.44274
1826,743.8599054,2472.14648,516.2783577,161.0935584,109.567881,257.4786713,4511.888335,15572.6412,86749.44274
1827,1186.651943,1796.387899,902.6935077,137.7192948,147.3166429,221.8983471,6890.267144,9954.222926,122098.446
1828,1186.651943,1796.387899,902.6935077,137.7192948,147.3166429,221.8983471,6890.267144,9954.222926,122098.446
1829,1186.651943,1796.387899,902.6935077,137.7192948,147.3166429,221.8983471,6890.267144,9954.222926,122098.446
1830,1186.651943,1796.387899,902.6935077,137.7192948,147.3166429,221.8983471,6890.267144,9954.222926,122098.446
1831,1186.651943,1796.387899,902.6935077,137.7192948,147.3166429,221.8983471,6890.267144,9954.222926,122098.446
1832,1186.651943,1796.387899,902.6935077,137.7192948,147.3166429,221.8983471,6890.267144,9954.222926,122098.446
1833,1186.651943,1796.387899,902.6935077,137.7192948,147.3166429,221.8983471,6890.267144,9954.222926,122098.446
1834,1186.651943,1796.387899,902.6935077,137.7192948,147.3166429,221.8983471,6890.267144,9954.222926,122098.446
1835,1186.651943,1796.387899,902.6935077,137.7192948,147.3166429,221.8983471,6890.267144,9954.222926,122098.446
1836,1186.651943,1796.387899,902.6935077,137.7192948,147.3166429,221.8983471,6890.267144,9954.222926,122098.446
1837,1186.651943,1796.387899,902.6935077,137.7192948,147.3166429,221.8983471,6890.267144,9954.222926,122098.446
1838,1186.651943,1796.387899,902.6935077,137.7192948,147.3166429,221.8983471,6890.267144,9954.222926,122098.446
1839,1186.651943,1796.387899,902.6935077,137.7192948,147.3166429,221.8983471,6890.267144,9954.222926,122098.446
1840,1186.651943,1796.387899,902.6935077,137.7192948,147.3166429,221.8983471,6890.267144,9954.222926,122098.446
1841,1186.651943,1796.387899,902.6935077,137.7192948,147.3166429,221.8983471,6890.267144,9954.222926,122098.446
1842,1186.651943,1796.387899,902.6935077,137.7192948,147.3166429,221.8983471,6890.267144,9954.222926,122098.446
1843,1186.651943,1796.387899,902.6935077,137.7192948,147.3166429,221.8983471,6890.267144,9954.222926,122098.446
1844,1186.651943,1796.387899,902.6935077,137.7192948,147.3166429,221.8983471,6890.267144,9954.222926,122098.446
1845,1186.651943,1796.387899,902.6935077,137.7192948,147.3166429,221.8983471,6890.267144,9954.222926,122098.446
1846,1186.651943,1796.387899,902.6935077,137.7192948,147.3166429,221.8983471,6890.267144,9954.222926,122098.446
1847,1186.651943,1796.387899,902.6935077,137.7192948,147.3166429,221.8983471,6890.267144,9954.222926,122098.446
1848,1336.108328,2489.331898,623.2304152,166.7701476,176.196084,320.1140822,8636.314271,7797.295863,85796.58333
1849,1336.108328,2489.331898,623.2304152,166.7701476,176.196084,320.1140822,8636.314271,7797.295863,85796.58333
1850,1336.108328,2489.331898,623.2304152,166.7701476,176.196084,320.1140822,8636.314271,7797.295863,85796.58333
1851,1336.108328,2489.331898,623.2304152,166.7701476,176.196084,320.1140822,8636.314271,7797.295863,85796.58333
1852,1336.108328,2489.331898,623.2304152,166.7701476,176.196084,320.1140822,8636.314271,7797.295863,85796.58333
1853,1336.108328,2489.331898,623.2304152,166.7701476,176.196084,320.1140822,8636.314271,7797.295863,85796.58333
1854,1336.108328,2489.331898,623.2304152,166.7701476,176.196084,320.1140822,8636.314271,7797.295863,85796.58333
1855,1336.108328,2489.331898,623.2304152,166.7701476,176.196084,320.1140822,8636.314271,7797.295863,85796.58333
1856,1336.108328,2489.331898,623.2304152,166.7701476,176.196084,320.1140822,8636.314271,7797.295863,85796.58333
1857,1336.108328,2489.331898,623.2304152,166.7701476,176.196084,320.1140822,8636.314271,7797.295863,85796.58333
1858,1336.108328,2489.331898,623.2304152,166.7701476,176.196084,320.1140822,8636.314271,7797.295863,85796.58333
1859,1336.108328,2489.331898,623.2304152,166.7701476,176.196084,320.1140822,8636.314271,7797.295863,85796.58333
1860,1336.108328,2489.331898,623.2304152,166.7701476,176.196084,320.1140822,8636.314271,7797.295863,85796.58333
1861,1336.108328,2489.331898,623.2304152,166.7701476,176.196084,320.1140822,8636.314271,7797.295863,85796.58333
1862,1336.108328,2489.331898,623.2304152,166.7701476,176.196084,320.1140822,8636.314271,7797.295863,85796.58333
1863,1336.108328,2489.331898,623.2304152,166.7701476,176.196084,320.1140822,8636.314271,7797.295863,85796.58333
1864,1336.108328,2489.331898,623.2304152,166.7701476,176.196084,320.1140822,8636.314271,7797.295863,85796.58333
1865,1336.108328,2489.331898,623.2304152,166.7701476,176.196084,320.1140822,8636.314271,7797.295863,85796.58333
1866,1336.108328,2489.331898,623.2304152,166.7701476,176.196084,320.1140822,8636.314271,7797.295863,85796.58333
1867,1336.108328,2489.331898,623.2304152,166.7701476,176.196084,320.1140822,8636.314271,7797.295863,85796.58333
1868,1336.108328,2489.331898,623.2304152,166.7701476,176.196084,320.1140822,8636.314271,7797.295863,85796.58333
1869,1466.009059,1477.509512,672.471817,86.70394932,238.5001302,109.8722785,9014.718711,6356.484393,209427.7858
1870,1466.009059,1477.509512,672.471817,86.70394932,238.5001302,109.8722785,9014.718711,6356.484393,209427.7858
1871,1466.009059,1477.509512,672.471817,86.70394932,238.5001302,109.8722785,9014.718711,6356.484393,209427.7858
1872,1466.009059,1477.509512,672.471817,86.70394932,238.5001302,109.8722785,9014.718711,6356.484393,209427.7858
1873,1466.009059,1477.509512,672.471817,86.70394932,238.5001302,109.8722785,9014.718711,6356.484393,209427.7858
1874,1466.009059,1477.509512,672.471817,86.70394932,238.5001302,109.8722785,9014.718711,6356.484393,209427.7858
1875,1466.009059,1477.509512,672.471817,86.70394932,238.5001302,109.8722785,9014.718711,6356.484393,209427.7858
1876,1466.009059,1477.509512,672.471817,86.70394932,238.5001302,109.8722785,9014.718711,6356.484393,209427.7858
1877,1466.009059,1477.509512,672.471817,86.70394932,238.5001302,109.8722785,9014.718711,6356.484393,209427.7858
1878,1466.009059,1477.509512,672.471817,86.70394932,238.5001302,109.8722785,9014.718711,6356.484393,209427.7858
1879,1466.009059,1477.509512,672.471817,86.70394932,238.5001302,109.8722785,9014.718711,6356.484393,209427.7858
1880,1466.009059,1477.509512,672.471817,86.70394932,238.5001302,109.8722785,9014.718711,6356.484393,209427.7858
1881,1466.009059,1477.509512,672.471817,86.70394932,238.5001302,109.8722785,9014.718711,6356.484393,209427.7858
1882,1466.009059,1477.509512,672.471817,86.70394932,238.5001302,109.8722785,9014.718711,6356.484393,209427.7858
1883,1466.009059,1477.509512,672.471817,86.70394932,238.5001302,109.8722785,9014.718711,6356.484393,209427.7858
1884,1466.009059,1477.509512,672.471817,86.70394932,238.5001302,109.8722785,9014.718711,6356.484393,209427.7858
1885,1466.009059,1477.509512,672.471817,86.70394932,238.5001302,109.8722785,9014.718711,6356.484393,209427.7858
1886,1466.009059,1477.509512,672.471817,86.70394932,238.5001302,109.8722785,9014.718711,6356.484393,209427.7858
1887,1466.009059,1477.509512,672.471817,86.70394932,238.5001302,109.8722785,9014.718711,6356.484393,209427.7858
1888,1466.009059,1477.509512,672.471817,86.70394932,238.5001302,109.8722785,9014.718711,6356.484393,209427.7858
1889,1466.009059,1477.509512,672.471817,86.70394932,238.5001302,109.8722785,9014.718711,6356.484393,209427.7858
1890,1996.050588,2254.820027,589.3074181,143.3360787,159.3079269,176.8735208,9533.15712,20402.11961,89641.19888
1891,1996.050588,2254.820027,589.3074181,143.3360787,159.3079269,176.8735208,9533.15712,20402.11961,89641.19888
1892,1996.050588,2254.820027,589.3074181,143.3360787,159.3079269,176.8735208,9533.15712,20402.11961,89641.19888
1893,1996.050588,2254.820027,589.3074181,143.3360787,159.3079269,176.8735208,9533.15712,20402.11961,89641.19888
1894,1996.050588,2254.820027,589.3074181,143.3360787,159.3079269,176.8735208,9533.15712,20402.11961,89641.19888
1895,1996.050588,2254.820027,589.3074181,143.3360787,159.3079269,176.8735208,9533.15712,20402.11961,89641.19888
1896,1996.050588,2254.820027,589.3074181,143.3360787,159.3079269,176.8735208,9533.15712,20402.11961,89641.19888
1897,1996.050588,2254.820027,589.3074181,143.3360787,159.3079269,176.8735208,9533.15712,20402.11961,89641.19888
1898,1996.050588,2254.820027,589.3074181,143.3360787,159.3079269,176.8735208,9533.15712,20402.11961,89641.19888
1899,1996.050588,2254.820027,589.3074181,143.3360787,159.3079269,176.8735208,9533.15712,20402.11961,89641.19888
1900,1996.050588,2254.820027,589.3074181,143.3360787,159.3079269,176.8735208,9533.15712,20402.11961,89641.19888
1901,1996.050588,2254.820027,589.3074181,143.3360787,159.3079269,176.8735208,9533.15712,20402.11961,89641.19888
1902,1996.050588,2254.820027,589.3074181,143.3360787,159.3079269,176.8735208,9533.15712,20402.11961,89641.19888
1903,1996.050588,2254.820027,589.3074181,143.3360787,159.3079269,176.8735208,9533.15712,20402.11961,89641.19888
1904,1996.050588,2254.820027,589.3074181,143.3360787,159.3079269,176.8735208,9533.15712,20402.11961,89641.19888
1905,1996.050588,2254.820027,589.3074181,143.3360787,159.3079269,176.8735208,9533.15712,20402.11961,89641.19888
1906,1996.050588,2254.820027,589.3074181,143.3360787,159.3079269,176.8735208,9533.15712,20402.11961,89641.19888
1907,1996.050588,2254.820027,589.3074181,143.3360787,159.3079269,176.8735208,9533.15712,20402.11961,89641.19888
1908,1996.050588,2254.820027,589.3074181,143.3360787,159.3079269,176.8735208,9533.15712,20402.11961,89641.19888
1909,1996.050588,2254.820027,589.3074181,143.3360787,159.3079269,176.8735208,9533.15712,20402.11961,89641.19888
1910,1996.050588,2254.820027,589.3074181,143.3360787,159.3079269,176.8735208,9533.15712,20402.11961,89641.19888
1911,761.0523183,1893.643633,676.6539575,93.55894584,164.5449974,137.1583954,5827.957796,13963.95084,119052.372
1912,761.0523183,1893.643633,676.6539575,93.55894584,164.5449974,137.1583954,5827.957796,13963.95084,119052.372
1913,761.0523183,1893.643633,676.6539575,93.55894584,164.5449974,137.1583954,5827.957796,13963.95084,119052.372
1914,761.0523183,1893.643633,676.6539575,93.55894584,164.5449974,137.1583954,5827.957796,13963.95084,119052.372
1915,761.0523183,1893.643633,676.6539575,93.55894584,164.5449974,137.1583954,5827.957796,13963.95084,119052.372
1916,761.0523183,1893.643633,676.6539575,93.55894584,164.5449974,137.1583954,5827.957796,13963.95084,119052.372
1917,761.0523183,1893.643633,676.6539575,93.55894584,164.5449974,137.1583954,5827.957796,13963.95084,119052.372
1918,761.0523183,1893.643633,676.6539575,93.55894584,164.5449974,137.1583954,5827.957796,13963.95084,119052.372
1919,761.0523183,1893.643633,676.6539575,93.55894584,164.5449974,137.1583954,5827.957796,13963.95084,119052.372
1920,761.0523183,1893.643633,676.6539575,93.55894584,164.5449974,137.1583954,5827.957796,13963.95084,119052.372
1921,761.0523183,1893.643633,676.6539575,93.55894584,164.5449974,137.1583954,5827.957796,13963.95084,119052.372
1922,761.0523183,1893.643633,676.6539575,93.55894584,164.5449974,137.1583954,5827.957796,13963.95084,119052.372
1923,761.0523183,1893.643633,676.6539575,93.55894584,164.5449974,137.1583954,5827.957796,13963.95084,119052.372
1924,761.0523183,1893.643633,676.6539575,93.55894584,164.5449974,137.1583954,5827.957796,13963.95084,119052.372
1925,761.0523183,1893.643633,676.6539575,93.55894584,164.5449974,137.1583954,5827.957796,13963.95084,119052.372
1926,761.0523183,1893.643633,676.6539575,93.55894584,164.5449974,137.1583954,5827.957796,13963.95084,119052.372
1927,761.0523183,1893.643633,676.6539575,93.55894584,164.5449974,137.1583954,5827.957796,13963.95084,119052.372
1928,761.0523183,1893.643633,676.6539575,93.55894584,164.5449974,137.1583954,5827.957796,13963.95084,119052.372
1929,761.0523183,1893.643633,676.6539575,93.55894584,164.5449974,137.1583954,5827.957796,13963.95084,119052.372
1930,761.0523183,1893.643633,676.6539575,93.55894584,164.5449974,137.1583954,5827.957796,13963.95084,119052.372
1931,761.0523183,1893.643633,676.6539575,93.55894584,164.5449974,137.1583954,5827.957796,13963.95084,119052.372
1932,902.7790764,1467.60476,381.7819561,131.1465338,170.7742047,149.799608,6760.106066,16098.28257,77724.62212
1933,902.7790764,1467.60476,381.7819561,131.1465338,170.7742047,149.799608,6760.106066,16098.28257,77724.62212
1934,902.7790764,1467.60476,381.7819561,131.1465338,170.7742047,149.799608,6760.106066,16098.28257,77724.62212
1935,902.7790764,1467.60476,381.7819561,131.1465338,170.7742047,149.799608,6760.106066,16098.28257,77724.62212
1936,902.7790764,1467.60476,381.7819561,131.1465338,170.7742047,149.799608,6760.106066,16098.28257,77724.62212
1937,902.7790764,1467.60476,381.7819561,131.1465338,170.7742047,149.799608,6760.106066,16098.28257,77724.62212
1938,902.7790764,1467.60476,381.7819561,131.1465338,170.7742047,149.799608,6760.106066,16098.28257,77724.62212
1939,902.7790764,1467.60476,381.7819561,131.1465338,170.7742047,149.799608,6760.106066,16098.28257,77724.62212
1940,902.7790764,1467.60476,381.7819561,131.1465338,170.7742047,149.799608,6760.106066,16098.28257,77724.62212
1941,902.7790764,1467.60476,381.7819561,131.1465338,170.7742047,149.799608,6760.106066,16098.28257,77724.62212
1942,902.7790764,1467.60476,381.7819561,131.1465338,170.7742047,149.799608,6760.106066,16098.28257,77724.62212
1943,902.7790764,1467.60476,381.7819561,131.1465338,170.7742047,149.799608,6760.106066,16098.28257,77724.62212
1944,902.7790764,1467.60476,381.7819561,131.1465338,170.7742047,149.799608,6760.106066,16098.28257,77724.62212
1945,902.7790764,1467.60476,381.7819561,131.1465338,170.7742047,149.799608,6760.106066,16098.28257,77724.62212
1946,902.7790764,1467.60476,381.7819561,131.1465338,170.7742047,149.799608,6760.106066,16098.28257,77724.62212
1947,902.7790764,1467.60476,381.7819561,131.1465338,170.7742047,149.799608,6760.106066,16098.28257,77724.62212
1948,902.7790764,1467.60476,381.7819561,131.1465338,170.7742047,149.799608,6760.106066,16098.28257,77724.62212
1949,902.7790764,1467.60476,381.7819561,131.1465338,170.7742047,149.799608,6760.106066,16098.28257,77724.62212
1950,902.7790764,1467.60476,381.7819561,131.1465338,170.7742047,149.799608,6760.106066,16098.28257,77724.62212
1951,902.7790764,1467.60476,381.7819561,131.1465338,170.7742047,149.799608,6760.106066,16098.28257,77724.62212
1952,902.7790764,1467.60476,381.7819561,131.1465338,170.7742047,149.799608,6760.106066,16098.28257,77724.62212
1953,1874.884745,1021.915876,1715.539188,90.57143568,132.5047358,122.9959405,18217.1475,9849.637083,144551.9231
1954,1874.884745,1021.915876,1715.539188,90.57143568,132.5047358,122.9959405,18217.1475,9849.637083,144551.9231
1955,1874.884745,1021.915876,1715.539188,90.57143568,132.5047358,122.9959405,18217.1475,9849.637083,144551.9231
1956,1874.884745,1021.915876,1715.539188,90.57143568,132.5047358,122.9959405,18217.1475,9849.637083,144551.9231
1957,1874.884745,1021.915876,1715.539188,90.57143568,132.5047358,122.9959405,18217.1475,9849.637083,144551.9231
1958,1874.884745,1021.915876,1715.539188,90.57143568,132.5047358,122.9959405,18217.1475,9849.637083,144551.9231
1959,1874.884745,1021.915876,1715.539188,90.57143568,132.5047358,122.9959405,18217.1475,9849.637083,144551.9231
1960,1874.884745,1021.915876,1715.539188,90.57143568,132.5047358,122.9959405,18217.1475,9849.637083,144551.9231
1961,1874.884745,1021.915876,1715.539188,90.57143568,132.5047358,122.9959405,18217.1475,9849.637083,144551.9231
1962,1874.884745,1021.915876,1715.539188,90.57143568,132.5047358,122.9959405,18217.1475,9849.637083,144551.9231
1963,1874.884745,1021.915876,1715.539188,90.57143568,132.5047358,122.9959405,18217.1475,9849.637083,144551.9231
1964,1874.884745,1021.915876,1715.539188,90.57143568,132.5047358,122.9959405,18217.1475,9849.637083,144551.9231
1965,1874.884745,1021.915876,1715.539188,90.57143568,132.5047358,122.9959405,18217.1475,9849.637083,144551.9231
1966,1874.884745,1021.915876,1715.539188,90.57143568,132.5047358,122.9959405,18217.1475,9849.637083,144551.9231
1967,1874.884745,1021.915876,1715.539188,90.57143568,132.5047358,122.9959405,18217.1475,9849.637083,144551.9231
1968,1874.884745,1021.915876,1715.539188,90.57143568,132.5047358,122.9959405,18217.1475,9849.637083,144551.9231
1969,1874.884745,1021.915876,1715.539188,90.57143568,132.5047358,122.9959405,18217.1475,9849.637083,144551.9231
1970,1874.884745,1021.915876,1715.539188,90.57143568,132.5047358,122.9959405,18217.1475,9849.637083,144551.9231
1971,1874.884745,1021.915876,1715.539188,90.57143568,132.5047358,122.9959405,18217.1475,9849.637083,144551.9231
1972,1874.884745,1021.915876,1715.539188,90.57143568,132.5047358,122.9959405,18217.1475,9849.637083,144551.9231
1973,1874.884745,1021.915876,1715.539188,90.57143568,132.5047358,122.9959405,18217.1475,9849.637083,144551.9231
1974,960.8808835,1656.988451,1387.252815,66.98077072,153.7436981,216.8186346,5325.873968,10828.36198,68666.0626
1975,960.8808835,1656.988451,1387.252815,66.98077072,153.7436981,216.8186346,5325.873968,10828.36198,68666.0626
1976,960.8808835,1656.988451,1387.252815,66.98077072,153.7436981,216.8186346,5325.873968,10828.36198,68666.0626
1977,960.8808835,1656.988451,1387.252815,66.98077072,153.7436981,216.8186346,5325.873968,10828.36198,68666.0626
1978,960.8808835,1656.988451,1387.252815,66.98077072,153.7436981,216.8186346,5325.873968,10828.36198,68666.0626
1979,960.8808835,1656.988451,1387.252815,66.98077072,153.7436981,216.8186346,5325.873968,10828.36198,68666.0626
1980,960.8808835,1656.988451,1387.252815,66.98077072,153.7436981,216.8186346,5325.873968,10828.36198,68666.0626
1981,960.8808835,1656.988451,1387.252815,66.98077072,153.7436981,216.8186346,5325.873968,10828.36198,68666.0626
1982,960.8808835,1656.988451,1387.252815,66.98077072,153.7436981,216.8186346,5325.873968,10828.36198,68666.0626
1983,960.8808835,1656.988451,1387.252815,66.98077072,153.7436981,216.8186346,5325.873968,10828.36198,68666.0626
1984,960.8808835,1656.988451,1387.252815,66.98077072,153.7436981,216.8186346,5325.873968,10828.36198,68666.0626
1985,960.8808835,1656.988451,1387.252815,66.98077072,153.7436981,216.8186346,5325.873968,10828.36198,68666.0626
1986,960.8808835,1656.988451,1387.252815,66.98077072,153.7436981,216.8186346,5325.873968,10828.36198,68666.0626
1987,960.8808835,1656.988451,1387.252815,66.98077072,153.7436981,216.8186346,5325.873968,10828.36198,68666.0626
1988,960.8808835,1656.988451,1387.252815,66.98077072,153.7436981,216.8186346,5325.873968,10828.36198,68666.0626
1989,960.8808835,1656.988451,1387.252815,66.98077072,153.7436981,216.8186346,5325.873968,10828.36198,68666.0626
1990,960.8808835,1656.988451,1387.252815,66.98077072,153.7436981,216.8186346,5325.873968,10828.36198,68666.0626
1991,960.8808835,1656.988451,1387.252815,66.98077072,153.7436981,216.8186346,5325.873968,10828.36198,68666.0626
1992,960.8808835,1656.988451,1387.252815,66.98077072,153.7436981,216.8186346,5325.873968,10828.36198,68666.0626
1993,960.8808835,1656.988451,1387.252815,66.98077072,153.7436981,216.8186346,5325.873968,10828.36198,68666.0626
1994,960.8808835,1656.988451,1387.252815,66.98077072,153.7436981,216.8186346,5325.873968,10828.36198,68666.0626
1995,2031.811792,1379.400539,1347.267386,30.17786475,186.3769052,142.6229648,10133.78096,5253.849823,127467.3291
1996,2031.811792,1379.400539,1347.267386,30.17786475,186.3769052,142.6229648,10133.78096,5253.849823,127467.3291
1997,2031.811792,1379.400539,1347.267386,30.17786475,186.3769052,142.6229648,10133.78096,5253.849823,127467.3291
1998,2031.811792,1379.400539,1347.267386,30.17786475,186.3769052,142.6229648,10133.78096,5253.849823,127467.3291
1999,2031.811792,1379.400539,1347.267386,30.17786475,186.3769052,142.6229648,10133.78096,5253.849823,127467.3291
2000,2031.811792,1379.400539,1347.267386,30.17786475,186.3769052,142.6229648,10133.78096,5253.849823,127467.3291
2001,2031.811792,1379.400539,1347.267386,30.17786475,186.3769052,142.6229648,10133.78096,5253.849823,127467.3291
2002,2031.811792,1379.400539,1347.267386,30.17786475,186.3769052,142.6229648,10133.78096,5253.849823,127467.3291
2003,2031.811792,1379.400539,1347.267386,30.17786475,186.3769052,142.6229648,10133.78096,5253.849823,127467.3291
2004,2031.811792,1379.400539,1347.267386,30.17786475,186.3769052,142.6229648,10133.78096,5253.849823,127467.3291
2005,2031.811792,1379.400539,1347.267386,30.17786475,186.3769052,142.6229648,10133.78096,5253.849823,127467.3291
2006,2031.811792,1379.400539,1347.267386,30.17786475,186.3769052,142.6229648,10133.78096,5253.849823,127467.3291
2007,2031.811792,1379.400539,1347.267386,30.17786475,186.3769052,142.6229648,10133.78096,5253.849823,127467.3291
2008,2031.811792,1379.400539,1347.267386,30.17786475,186.3769052,142.6229648,10133.78096,5253.849823,127467.3291
2009,2031.811792,1379.400539,1347.267386,30.17786475,186.3769052,142.6229648,10133.78096,5253.849823,127467.3291
2010,2031.811792,1379.400539,1347.267386,30.17786475,186.3769052,142.6229648,10133.78096,5253.849823,127467.3291
2011,2031.811792,1379.400539,1347.267386,30.17786475,186.3769052,142.6229648,10133.78096,5253.849823,127467.3291
2012,2031.811792,1379.400539,1347.267386,30.17786475,186.3769052,142.6229648,10133.78096,5253.849823,127467.3291
2013,2031.811792,1379.400539,1347.267386,30.17786475,186.3769052,142.6229648,10133.78096,5253.849823,127467.3291
2014,2031.811792,1379.400539,1347.267386,30.17786475,186.3769052,142.6229648,10133.78096,5253.849823,127467.3291
2015,2031.811792,1379.400539,1347.267386,30.17786475,186.3769052,142.6229648,10133.78096,5253.849823,127467.3291
2016,1054.4535,2119.356894,723.4676773,48.10174959,140.6935524,124.8108194,8928.289632,18837.86963,90524.60353
2017,1054.4535,2119.356894,723.4676773,48.10174959,140.6935524,124.8108194,8928.289632,18837.86963,90524.60353
2018,1054.4535,2119.356894,723.4676773,48.10174959,140.6935524,124.8108194,8928.289632,18837.86963,90524.60353
2019,1054.4535,2119.356894,723.4676773,48.10174959,140.6935524,124.8108194,8928.289632,18837.86963,90524.60353
2020,1054.4535,2119.356894,723.4676773,48.10174959,140.6935524,124.8108194,8928.289632,18837.86963,90524.60353
2021,1054.4535,2119.356894,723.4676773,48.10174959,140.6935524,124.8108194,8928.289632,18837.86963,90524.60353
2022,1054.4535,2119.356894,723.4676773,48.10174959,140.6935524,124.8108194,8928.289632,18837.86963,90524.60353
2023,1054.4535,2119.356894,723.4676773,48.10174959,140.6935524,124.8108194,8928.289632,18837.86963,90524.60353
2024,1054.4535,2119.356894,723.4676773,48.10174959,140.6935524,124.8108194,8928.289632,18837.86963,90524.60353
2025,1054.4535,2119.356894,723.4676773,48.10174959,140.6935524,124.8108194,8928.289632,18837.86963,90524.60353
2026,1054.4535,2119.356894,723.4676773,48.10174959,140.6935524,124.8108194,8928.289632,18837.86963,90524.60353
2027,1054.4535,2119.356894,723.4676773,48.10174959,140.6935524,124.8108194,8928.289632,18837.86963,90524.60353
2028,1054.4535,2119.356894,723.4676773,48.10174959,140.6935524,124.8108194,8928.289632,18837.86963,90524.60353
2029,1054.4535,2119.356894,723.4676773,48.10174959,140.6935524,124.8108194,8928.289632,18837.86963,90524.60353
2030,1054.4535,2119.356894,723.4676773,48.10174959,140.6935524,124.8108194,8928.289632,18837.86963,90524.60353
2031,1054.4535,2119.356894,723.4676773,48.10174959,140.6935524,124.8108194,8928.289632,18837.86963,90524.60353
2032,1054.4535,2119.356894,723.4676773,48.10174959,140.6935524,124.8108194,8928.289632,18837.86963,90524.60353
2033,1054.4535,2119.356894,723.4676773,48.10174959,140.6935524,124.8108194,8928.289632,18837.86963,90524.60353
2034,1054.4535,2119.356894,723.4676773,48.10174959,140.6935524,124.8108194,8928.289632,18837.86963,90524.60353
2035,1054.4535,2119.356894,723.4676773,48.10174959,140.6935524,124.8108194,8928.289632,18837.86963,90524.60353
2036,1054.4535,2119.356894,723.4676773,48.10174959,140.6935524,124.8108194,8928.289632,18837.86963,90524.60353
2037,1920.68155,1257.896496,883.4221382,48.30655984,214.8353887,157.6044072,6841.789768,13647.5863,203549.1203
2038,1920.68155,1257.896496,883.4221382,48.30655984,214.8353887,157.6044072,6841.789768,13647.5863,203549.1203
2039,1920.68155,1257.896496,883.4221382,48.30655984,214.8353887,157.6044072,6841.789768,13647.5863,203549.1203
2040,1920.68155,1257.896496,883.4221382,48.30655984,214.8353887,157.6044072,6841.789768,13647.5863,203549.1203
2041,1920.68155,1257.896496,883.4221382,48.30655984,214.8353887,157.6044072,6841.789768,13647.5863,203549.1203
2042,1920.68155,1257.896496,883.4221382,48.30655984,214.8353887,157.6044072,6841.789768,13647.5863,203549.1203
2043,1920.68155,1257.896496,883.4221382,48.30655984,214.8353887,157.6044072,6841.789768,13647.5863,203549.1203
2044,1920.68155,1257.896496,883.4221382,48.30655984,214.8353887,157.6044072,6841.789768,13647.5863,203549.1203
2045,1920.68155,1257.896496,883.4221382,48.30655984,214.8353887,157.6044072,6841.789768,13647.5863,203549.1203
2046,1920.68155,1257.896496,883.4221382,48.30655984,214.8353887,157.6044072,6841.789768,13647.5863,203549.1203
2047,1920.68155,1257.896496,883.4221382,48.30655984,214.8353887,157.6044072,6841.789768,13647.5863,203549.1203
2048,1920.68155,1257.896496,883.4221382,48.30655984,214.8353887,157.6044072,6841.789768,13647.5863,203549.1203
2049,1920.68155,1257.896496,883.4221382,48.30655984,214.8353887,157.6044072,6841.789768,13647.5863,203549.1203
2050,1920.68155,1257.896496,883.4221382,48.30655984,214.8353887,157.6044072,6841.789768,13647.5863,203549.1203
2051,1920.68155,1257.896496,883.4221382,48.30655984,214.8353887,157.6044072,6841.789768,13647.5863,203549.1203
2052,1920.68155,1257.896496,883.4221382,48.30655984,214.8353887,157.6044072,6841.789768,13647.5863,203549.1203
2053,1920.68155,1257.896496,883.4221382,48.30655984,214.8353887,157.6044072,6841.789768,13647.5863,203549.1203
2054,1920.68155,1257.896496,883.4221382,48.30655984,214.8353887,157.6044072,6841.789768,13647.5863,203549.1203
2055,1920.68155,1257.896496,883.4221382,48.30655984,214.8353887,157.6044072,6841.789768,13647.5863,203549.1203
2056,1920.68155,1257.896496,883.4221382,48.30655984,214.8353887,157.6044072,6841.789768,13647.5863,203549.1203
2057,1920.68155,1257.896496,883.4221382,48.30655984,214.8353887,157.6044072,6841.789768,13647.5863,203549.1203
2058,647.8160628,1763.169884,832.9977798,65.11551933,118.7677182,114.2840532,4313.566562,12095.7176,193999.6613
2059,647.8160628,1763.169884,832.9977798,65.11551933,118.7677182,114.2840532,4313.566562,12095.7176,193999.6613
2060,647.8160628,1763.169884,832.9977798,65.11551933,118.7677182,114.2840532,4313.566562,12095.7176,193999.6613
2061,647.8160628,1763.169884,832.9977798,65.11551933,118.7677182,114.2840532,4313.566562,12095.7176,193999.6613
2062,647.8160628,1763.169884,832.9977798,65.11551933,118.7677182,114.2840532,4313.566562,12095.7176,193999.6613
2063,647.8160628,1763.169884,832.9977798,65.11551933,118.7677182,114.2840532,4313.566562,12095.7176,193999.6613
2064,647.8160628,1763.169884,832.9977798,65.11551933,118.7677182,114.2840532,4313.566562,12095.7176,193999.6613
2065,647.8160628,1763.169884,832.9977798,65.11551933,118.7677182,114.2840532,4313.566562,12095.7176,193999.6613
2066,647.8160628,1763.169884,832.9977798,65.11551933,118.7677182,114.2840532,4313.566562,12095.7176,193999.6613
2067,647.8160628,1763.169884,832.9977798,65.11551933,118.7677182,114.2840532,4313.566562,12095.7176,193999.6613
2068,647.8160628,1763.169884,832.9977798,65.11551933,118.7677182,114.2840532,4313.566562,12095.7176,193999.6613
2069,647.8160628,1763.169884,832.9977798,65.11551933,118.7677182,114.2840532,4313.566562,12095.7176,193999.6613
2070,647.8160628,1763.169884,832.9977798,65.11551933,118.7677182,114.2840532,4313.566562,12095.7176,193999.6613
2071,647.8160628,1763.169884,832.9977798,65.11551933,118.7677182,114.2840532,4313.566562,12095.7176,193999.6613
2072,647.8160628,1763.169884,832.9977798,65.11551933,118.7677182,114.2840532,4313.566562,12095.7176,193999.6613
2073,647.8160628,1763.169884,832.9977798,65.11551933,118.7677182,114.2840532,4313.566562,12095.7176,193999.6613
2074,647.8160628,1763.169884,832.9977798,65.11551933,118.7677182,114.2840532,4313.566562,12095.7176,193999.6613
2075,647.8160628,1763.169884,832.9977798,65.11551933,118.7677182,114.2840532,4313.566562,12095.7176,193999.6613
2076,647.8160628,1763.169884,832.9977798,65.11551933,118.7677182,114.2840532,4313.566562,12095.7176,193999.6613
2077,647.8160628,1763.169884,832.9977798,65.11551933,118.7677182,114.2840532,4313.566562,12095.7176,193999.6613
2078,647.8160628,1763.169884,832.9977798,65.11551933,118.7677182,114.2840532,4313.566562,12095.7176,193999.6613
2079,1934.532189,1911.655912,1307.706889,68.94480767,211.2411347,129.5660254,10724.63628,11299.32342,164329.186
2080,1934.532189,1911.655912,1307.706889,68.94480767,211.2411347,129.5660254,10724.63628,11299.32342,164329.186
2081,1934.532189,1911.655912,1307.706889,68.94480767,211.2411347,129.5660254,10724.63628,11299.32342,164329.186
2082,1934.532189,1911.655912,1307.706889,68.94480767,211.2411347,129.5660254,10724.63628,11299.32342,164329.186
2083,1934.532189,1911.655912,1307.706889,68.94480767,211.2411347,129.5660254,10724.63628,11299.32342,164329.186
2084,1934.532189,1911.655912,1307.706889,68.94480767,211.2411347,129.5660254,10724.63628,11299.32342,164329.186
2085,1934.532189,1911.655912,1307.706889,68.94480767,211.2411347,129.5660254,10724.63628,11299.32342,164329.186
2086,1934.532189,1911.655912,1307.706889,68.94480767,211.2411347,129.5660254,10724.63628,11299.32342,164329.186
2087,1934.532189,1911.655912,1307.706889,68.94480767,211.2411347,129.5660254,10724.63628,11299.32342,164329.186
2088,1934.532189,1911.655912,1307.706889,68.94480767,211.2411347,129.5660254,10724.63628,11299.32342,164329.186
2089,1934.532189,1911.655912,1307.706889,68.94480767,211.2411347,129.5660254,10724.63628,11299.32342,164329.186
2090,1934.532189,1911.655912,1307.706889,68.94480767,211.2411347,129.5660254,10724.63628,11299.32342,164329.186
2091,1934.532189,1911.655912,1307.706889,68.94480767,211.2411347,129.5660254,10724.63628,11299.32342,164329.186
2092,1934.532189,1911.655912,1307.706889,68.94480767,211.2411347,129.5660254,10724.63628,11299.32342,164329.186
2093,1934.532189,1911.655912,1307.706889,68.94480767,211.2411347,129.5660254,10724.63628,11299.32342,164329.186
2094,1934.532189,1911.655912,1307.706889,68.94480767,211.2411347,129.5660254,10724.63628,11299.32342,164329.186
2095,1934.532189,1911.655912,1307.706889,68.94480767,211.2411347,129.5660254,10724.63628,11299.32342,164329.186
2096,1934.532189,1911.655912,1307.706889,68.94480767,211.2411347,129.5660254,10724.63628,11299.32342,164329.186
2097,1934.532189,1911.655912,1307.706889,68.94480767,211.2411347,129.5660254,10724.63628,11299.32342,164329.186
2098,1934.532189,1911.655912,1307.706889,68.94480767,211.2411347,129.5660254,10724.63628,11299.32342,164329.186
2099,1934.532189,1911.655912,1307.706889,68.94480767,211.2411347,129.5660254,10724.63628,11299.32342,164329.186
2100,1334.373432,2243.246068,659.2004028,77.36868613,178.9200661,92.42630807,4561.126695,13123.8101,99009.9098
2101,1334.373432,2243.246068,659.2004028,77.36868613,178.9200661,92.42630807,4561.126695,13123.8101,99009.9098
2102,1334.373432,2243.246068,659.2004028,77.36868613,178.9200661,92.42630807,4561.126695,13123.8101,99009.9098
2103,1334.373432,2243.246068,659.2004028,77.36868613,178.9200661,92.42630807,4561.126695,13123.8101,99009.9098
2104,1334.373432,2243.246068,659.2004028,77.36868613,178.9200661,92.42630807,4561.126695,13123.8101,99009.9098
2105,1334.373432,2243.246068,659.2004028,77.36868613,178.9200661,92.42630807,4561.126695,13123.8101,99009.9098
2106,1334.373432,2243.246068,659.2004028,77.36868613,178.9200661,92.42630807,4561.126695,13123.8101,99009.9098
2107,1334.373432,2243.246068,659.2004028,77.36868613,178.9200661,92.42630807,4561.126695,13123.8101,99009.9098
2108,1334.373432,2243.246068,659.2004028,77.36868613,178.9200661,92.42630807,4561.126695,13123.8101,99009.9098
2109,1334.373432,2243.246068,659.2004028,77.36868613,178.9200661,92.42630807,4561.126695,13123.8101,99009.9098
2110,1334.373432,2243.246068,659.2004028,77.36868613,178.9200661,92.42630807,4561.126695,13123.8101,99009.9098
2111,1334.373432,2243.246068,659.2004028,77.36868613,178.9200661,92.42630807,4561.126695,13123.8101,99009.9098
2112,1334.373432,2243.246068,659.2004028,77.36868613,178.9200661,92.42630807,4561.126695,13123.8101,99009.9098
2113,1334.373432,2243.246068,659.2004028,77.36868613,178.9200661,92.42630807,4561.126695,13123.8101,99009.9098
2114,1334.373432,2243.246068,659.2004028,77.36868613,178.9200661,92.42630807,4561.126695,13123.8101,99009.9098
2115,1334.373432,2243.246068,659.2004028,77.36868613,178.9200661,92.42630807,4561.126695,13123.8101,99009.9098
2116,1334.373432,2243.246068,659.2004028,77.36868613,178.9200661,92.42630807,4561.126695,13123.8101,99009.9098
2117,1334.373432,2243.246068,659.2004028,77.36868613,178.9200661,92.42630807,4561.126695,13123.8101,99009.9098
2118,1334.373432,2243.246068,659.2004028,77.36868613,178.9200661,92.42630807,4561.126695,13123.8101,99009.9098
2119,1334.373432,2243.246068,659.2004028,77.36868613,178.9200661,92.42630807,4561.126695,13123.8101,99009.9098
2120,1334.373432,2243.246068,659.2004028,77.36868613,178.9200661,92.42630807,4561.126695,13123.8101,99009.9098
2121,2090.477326,1351.173148,1010.557087,103.0533538,210.8919684,138.1944239,16357.75653,12759.48066,140212.1016
2122,2090.477326,1351.173148,1010.557087,103.0533538,210.8919684,138.1944239,16357.75653,12759.48066,140212.1016
2123,2090.477326,1351.173148,1010.557087,103.0533538,210.8919684,138.1944239,16357.75653,12759.48066,140212.1016
2124,2090.477326,1351.173148,1010.557087,103.0533538,210.8919684,138.1944239,16357.75653,12759.48066,140212.1016
2125,2090.477326,1351.173148,1010.557087,103.0533538,210.8919684,138.1944239,16357.75653,12759.48066,140212.1016
2126,2090.477326,1351.173148,1010.557087,103.0533538,210.8919684,138.1944239,16357.75653,12759.48066,140212.1016
2127,2090.477326,1351.173148,1010.557087,103.0533538,210.8919684,138.1944239,16357.75653,12759.48066,140212.1016
2128,2090.477326,1351.173148,1010.557087,103.0533538,210.8919684,138.1944239,16357.75653,12759.48066,140212.1016
2129,2090.477326,1351.173148,1010.557087,103.0533538,210.8919684,138.1944239,16357.75653,12759.48066,140212.1016
2130,2090.477326,1351.173148,1010.557087,103.0533538,210.8919684,138.1944239,16357.75653,12759.48066,140212.1016
2131,2090.477326,1351.173148,1010.557087,103.0533538,210.8919684,138.1944239,16357.75653,12759.48066,140212.1016
2132,2090.477326,1351.173148,1010.557087,103.0533538,210.8919684,138.1944239,16357.75653,12759.48066,140212.1016
2133,2090.477326,1351.173148,1010.557087,103.0533538,210.8919684,138.1944239,16357.75653,12759.48066,140212.1016
2134,2090.477326,1351.173148,1010.557087,103.0533538,210.8919684,138.1944239,16357.75653,12759.48066,140212.1016
2135,2090.477326,1351.173148,1010.557087,103.0533538,210.8919684,138.1944239,16357.75653,12759.48066,140212.1016
2136,2090.477326,1351.173148,1010.557087,103.0533538,210.8919684,138.1944239,16357.75653,12759.48066,140212.1016
2137,2090.477326,1351.173148,1010.557087,103.0533538,210.8919684,138.1944239,16357.75653,12759.48066,140212.1016
2138,2090.477326,1351.173148,1010.557087,103.0533538,210.8919684,138.1944239,16357.75653,12759.48066,140212.1016
2139,2090.477326,1351.173148,1010.557087,103.0533538,210.8919684,138.1944239,16357.75653,12759.48066,140212.1016
2140,2090.477326,1351.173148,1010.557087,103.0533538,210.8919684,138.1944239,16357.75653,12759.48066,140212.1016
2141,2090.477326,1351.173148,1010.557087,103.0533538,210.8919684,138.1944239,16357.75653,12759.48066,140212.1016
2142,1051.512229,1969.581437,1134.006923,87.02259168,86.430359,93.63404894,5009.434582,16626.54821,101533.4737
2143,1051.512229,1969.581437,1134.006923,87.02259168,86.430359,93.63404894,5009.434582,16626.54821,101533.4737
2144,1051.512229,1969.581437,1134.006923,87.02259168,86.430359,93.63404894,5009.434582,16626.54821,101533.4737
2145,1051.512229,1969.581437,1134.006923,87.02259168,86.430359,93.63404894,5009.434582,16626.54821,101533.4737
2146,1051.512229,1969.581437,1134.006923,87.02259168,86.430359,93.63404894,5009.434582,16626.54821,101533.4737
2147,1051.512229,1969.581437,1134.006923,87.02259168,86.430359,93.63404894,5009.434582,16626.54821,101533.4737
2148,1051.512229,1969.581437,1134.006923,87.02259168,86.430359,93.63404894,5009.434582,16626.54821,101533.4737
2149,1051.512229,1969.581437,1134.006923,87.02259168,86.430359,93.63404894,5009.434582,16626.54821,101533.4737
2150,1051.512229,1969.581437,1134.006923,87.02259168,86.430359,93.63404894,5009.434582,16626.54821,101533.4737
2151,1051.512229,1969.581437,1134.006923,87.02259168,86.430359,93.63404894,5009.434582,16626.54821,101533.4737
2152,1051.512229,1969.581437,1134.006923,87.02259168,86.430359,93.63404894,5009.434582,16626.54821,101533.4737
2153,1051.512229,1969.581437,1134.006923,87.02259168,86.430359,93.63404894,5009.434582,16626.54821,101533.4737
2154,1051.512229,1969.581437,1134.006923,87.02259168,86.430359,93.63404894,5009.434582,16626.54821,101533.4737
2155,1051.512229,1969.581437,1134.006923,87.02259168,86.430359,93.63404894,5009.434582,16626.54821,101533.4737
2156,1051.512229,1969.581437,1134.006923,87.02259168,86.430359,93.63404894,5009.434582,16626.54821,101533.4737
2157,1051.512229,1969.581437,1134.006923,87.02259168,86.430359,93.63404894,5009.434582,16626.54821,101533.4737
2158,1051.512229,1969.581437,1134.006923,87.02259168,86.430359,93.63404894,5009.434582,16626.54821,101533.4737
2159,1051.512229,1969.581437,1134.006923,87.02259168,86.430359,93.63404894,5009.434582,16626.54821,101533.4737
2160,1051.512229,1969.581437,1134.006923,87.02259168,86.430359,93.63404894,5009.434582,16626.54821,101533.4737
2161,1051.512229,1969.581437,1134.006923,87.02259168,86.430359,93.63404894,5009.434582,16626.54821,101533.4737
2162,1051.512229,1969.581437,1134.006923,87.02259168,86.430359,93.63404894,5009.434582,16626.54821,101533.4737
2163,2138.455293,2141.870324,1294.423211,51.59719228,208.5768449,47.73883909,8705.532621,13417.52898,158480.5477
2164,2138.455293,2141.870324,1294.423211,51.59719228,208.5768449,47.73883909,8705.532621,13417.52898,158480.5477
2165,2138.455293,2141.870324,1294.423211,51.59719228,208.5768449,47.73883909,8705.532621,13417.52898,158480.5477
2166,2138.455293,2141.870324,1294.423211,51.59719228,208.5768449,47.73883909,8705.532621,13417.52898,158480.5477
2167,2138.455293,2141.870324,1294.423211,51.59719228,208.5768449,47.73883909,8705.532621,13417.52898,158480.5477
2168,2138.455293,2141.870324,1294.423211,51.59719228,208.5768449,47.73883909,8705.532621,13417.52898,158480.5477
2169,2138.455293,2141.870324,1294.423211,51.59719228,208.5768449,47.73883909,8705.532621,13417.52898,158480.5477
2170,2138.455293,2141.870324,1294.423211,51.59719228,208.5768449,47.73883909,8705.532621,13417.52898,158480.5477
2171,2138.455293,2141.870324,1294.423211,51.59719228,208.5768449,47.73883909,8705.532621,13417.52898,158480.5477
2172,2138.455293,2141.870324,1294.423211,51.59719228,208.5768449,47.73883909,8705.532621,13417.52898,158480.5477
2173,2138.455293,2141.870324,1294.423211,51.59719228,208.5768449,47.73883909,8705.532621,13417.52898,158480.5477
2174,2138.455293,2141.870324,1294.423211,51.59719228,208.5768449,47.73883909,8705.532621,13417.52898,158480.5477
2175,2138.455293,2141.870324,1294.423211,51.59719228,208.5768449,47.73883909,8705.532621,13417.52898,158480.5477
2176,2138.455293,2141.870324,1294.423211,51.59719228,208.5768449,47.73883909,8705.532621,13417.52898,158480.5477
2177,2138.455293,2141.870324,1294.423211,51.59719228,208.5768449,47.73883909,8705.532621,13417.52898,158480.5477
2178,2138.455293,2141.870324,1294.423211,51.59719228,208.5768449,47.73883909,8705.532621,13417.52898,158480.5477
2179,2138.455293,2141.870324,1294.423211,51.59719228,208.5768449,47.73883909,8705.532621,13417.52898,158480.5477
2180,2138.455293,2141.870324,1294.423211,51.59719228,208.5768449,47.73883909,8705.532621,13417.52898,158480.5477
2181,2138.455293,2141.870324,1294.423211,51.59719228,208.5768449,47.73883909,8705.532621,13417.52898,158480.5477
2182,2138.455293,2141.870324,1294.423211,51.59719228,208.5768449,47.73883909,8705.532621,13417.52898,158480.5477
2183,2138.455293,2141.870324,1294.423211,51.59719228,208.5768449,47.73883909,8705.532621,13417.52898,158480.5477
2184,1827.389952,2479.132756,498.2206617,78.90606093,157.1547729,147.4761528,9594.756994,25908.52445,153832.9969
2185,1827.389952,2479.132756,498.2206617,78.90606093,157.1547729,147.4761528,9594.756994,25908.52445,153832.9969
2186,1827.389952,2479.132756,498.2206617,78.90606093,157.1547729,147.4761528,9594.756994,25908.52445,153832.9969
2187,1827.389952,2479.132756,498.2206617,78.90606093,157.1547729,147.4761528,9594.756994,25908.52445,153832.9969
2188,1827.389952,2479.132756,498.2206617,78.90606093,157.1547729,147.4761528,9594.756994,25908.52445,153832.9969
2189,1827.389952,2479.132756,498.2206617,78.90606093,157.1547729,147.4761528,9594.756994,25908.52445,153832.9969
2190,1827.389952,2479.132756,498.2206617,78.90606093,157.1547729,147.4761528,9594.756994,25908.52445,153832.9969
2191,1827.389952,2479.132756,498.2206617,78.90606093,157.1547729,147.4761528,9594.756994,25908.52445,153832.9969
2192,1827.389952,2479.132756,498.2206617,78.90606093,157.1547729,147.4761528,9594.756994,25908.52445,153832.9969
2193,1827.389952,2479.132756,498.2206617,78.90606093,157.1547729,147.4761528,9594.756994,25908.52445,153832.9969
2194,1827.389952,2479.132756,498.2206617,78.90606093,157.1547729,147.4761528,9594.756994,25908.52445,153832.9969
2195,1827.389952,2479.132756,498.2206617,78.90606093,157.1547729,147.4761528,9594.756994,25908.52445,153832.9969
2196,1827.389952,2479.132756,498.2206617,78.90606093,157.1547729,147.4761528,9594.756994,25908.52445,153832.9969
2197,1827.389952,2479.132756,498.2206617,78.90606093,157.1547729,147.4761528,9594.756994,25908.52445,153832.9969
2198,1827.389952,2479.132756,498.2206617,78.90606093,157.1547729,147.4761528,9594.756994,25908.52445,153832.9969
2199,1827.389952,2479.132756,498.2206617,78.90606093,157.1547729,147.4761528,9594.756994,25908.52445,153832.9969
2200,1827.389952,2479.132756,498.2206617,78.90606093,157.1547729,147.4761528,9594.756994,25908.52445,153832.9969
2201,1827.389952,2479.132756,498.2206617,78.90606093,157.1547729,147.4761528,9594.756994,25908.52445,153832.9969
2202,1827.389952,2479.132756,498.2206617,78.90606093,157.1547729,147.4761528,9594.756994,25908.52445,153832.9969
2203,1827.389952,2479.132756,498.2206617,78.90606093,157.1547729,147.4761528,9594.756994,25908.52445,153832.9969
2204,1827.389952,2479.132756,498.2206617,78.90606093,157.1547729,147.4761528,9594.756994,25908.52445,153832.9969
2205,2078.881029,2338.337486,1134.442288,19.19022902,144.3548615,82.78354152,13100.69196,18539.72948,143902.5367
2206,2078.881029,2338.337486,1134.442288,19.19022902,144.3548615,82.78354152,13100.69196,18539.72948,143902.5367
2207,2078.881029,2338.337486,1134.442288,19.19022902,144.3548615,82.78354152,13100.69196,18539.72948,143902.5367
2208,2078.881029,2338.337486,1134.442288,19.19022902,144.3548615,82.78354152,13100.69196,18539.72948,143902.5367
2209,2078.881029,2338.337486,1134.442288,19.19022902,144.3548615,82.78354152,13100.69196,18539.72948,143902.5367
2210,2078.881029,2338.337486,1134.442288,19.19022902,144.3548615,82.78354152,13100.69196,18539.72948,143902.5367
2211,2078.881029,2338.337486,1134.442288,19.19022902,144.3548615,82.78354152,13100.69196,18539.72948,143902.5367
2212,2078.881029,2338.337486,1134.442288,19.19022902,144.3548615,82.78354152,13100.69196,18539.72948,143902.5367
2213,2078.881029,2338.337486,1134.442288,19.19022902,144.3548615,82.78354152,13100.69196,18539.72948,143902.5367
2214,2078.881029,2338.337486,1134.442288,19.19022902,144.3548615,82.78354152,13100.69196,18539.72948,143902.5367
2215,2078.881029,2338.337486,1134.442288,19.19022902,144.3548615,82.78354152,13100.69196,18539.72948,143902.5367
2216,2078.881029,2338.337486,1134.442288,19.19022902,144.3548615,82.78354152,13100.69196,18539.72948,143902.5367
2217,2078.881029,2338.337486,1134.442288,19.19022902,144.3548615,82.78354152,13100.69196,18539.72948,143902.5367
2218,2078.881029,2338.337486,1134.442288,19.19022902,144.3548615,82.78354152,13100.69196,18539.72948,143902.5367
2219,2078.881029,2338.337486,1134.442288,19.19022902,144.3548615,82.78354152,13100.69196,18539.72948,143902.5367
2220,2078.881029,2338.337486,1134.442288,19.19022902,144.3548615,82.78354152,13100.69196,18539.72948,143902.5367
2221,2078.881029,2338.337486,1134.442288,19.19022902,144.3548615,82.78354152,13100.69196,18539.72948,143902.5367
2222,2078.881029,2338.337486,1134.442288,19.19022902,144.3548615,82.78354152,13100.69196,18539.72948,143902.5367
2223,2078.881029,2338.337486,1134.442288,19.19022902,144.3548615,82.78354152,13100.69196,18539.72948,143902.5367
2224,2078.881029,2338.337486,1134.442288,19.19022902,144.3548615,82.78354152,13100.69196,18539.72948,143902.5367
2225,2078.881029,2338.337486,1134.442288,19.19022902,144.3548615,82.78354152,13100.69196,18539.72948,143902.5367
2226,1278.17144,1374.402685,564.0155649,47.42981993,95.33054241,73.19316439,9604.696582,15693.82996,142107.102
2227,1278.17144,1374.402685,564.0155649,47.42981993,95.33054241,73.19316439,9604.696582,15693.82996,142107.102
2228,1278.17144,1374.402685,564.0155649,47.42981993,95.33054241,73.19316439,9604.696582,15693.82996,142107.102
2229,1278.17144,1374.402685,564.0155649,47.42981993,95.33054241,73.19316439,9604.696582,15693.82996,142107.102
2230,1278.17144,1374.402685,564.0155649,47.42981993,95.33054241,73.19316439,9604.696582,15693.82996,142107.102
2231,1278.17144,1374.402685,564.0155649,47.42981993,95.33054241,73.19316439,9604.696582,15693.82996,142107.102
2232,1278.17144,1374.402685,564.0155649,47.42981993,95.33054241,73.19316439,9604.696582,15693.82996,142107.102
2233,1278.17144,1374.402685,564.0155649,47.42981993,95.33054241,73.19316439,9604.696582,15693.82996,142107.102
2234,1278.17144,1374.402685,564.0155649,47.42981993,95.33054241,73.19316439,9604.696582,15693.82996,142107.102
2235,1278.17144,1374.402685,564.0155649,47.42981993,95.33054241,73.19316439,9604.696582,15693.82996,142107.102
2236,1278.17144,1374.402685,564.0155649,47.42981993,95.33054241,73.19316439,9604.696582,15693.82996,142107.102
2237,1278.17144,1374.402685,564.0155649,47.42981993,95.33054241,73.19316439,9604.696582,15693.82996,142107.102
2238,1278.17144,1374.402685,564.0155649,47.42981993,95.33054241,73.19316439,9604.696582,15693.82996,142107.102
2239,1278.17144,1374.402685,564.0155649,47.42981993,95.33054241,73.19316439,9604.696582,15693.82996,142107.102
2240,1278.17144,1374.402685,564.0155649,47.42981993,95.33054241,73.19316439,9604.696582,15693.82996,142107.102
2241,1278.17144,1374.402685,564.0155649,47.42981993,95.33054241,73.19316439,9604.696582,15693.82996,142107.102
2242,1278.17144,1374.402685,564.0155649,47.42981993,95.33054241,73.19316439,9604.696582,15693.82996,142107.102
2243,1278.17144,1374.402685,564.0155649,47.42981993,95.33054241,73.19316439,9604.696582,15693.82996,142107.102
2244,1278.17144,1374.402685,564.0155649,47.42981993,95.33054241,73.19316439,9604.696582,15693.82996,142107.102
2245,1278.17144,1374.402685,564.0155649,47.42981993,95.33054241,73.19316439,9604.696582,15693.82996,142107.102
2246,1278.17144,1374.402685,564.0155649,47.42981993,95.33054241,73.19316439,9604.696582,15693.82996,142107.102
2247,2234.934519,1197.811202,923.0242518,77.97278119,108.3904834,94.74955967,5996.712246,15918.84865,225411.8363
2248,2234.934519,1197.811202,923.0242518,77.97278119,108.3904834,94.74955967,5996.712246,15918.84865,225411.8363
2249,2234.934519,1197.811202,923.0242518,77.97278119,108.3904834,94.74955967,5996.712246,15918.84865,225411.8363
2250,2234.934519,1197.811202,923.0242518,77.97278119,108.3904834,94.74955967,5996.712246,15918.84865,225411.8363
2251,2234.934519,1197.811202,923.0242518,77.97278119,108.3904834,94.74955967,5996.712246,15918.84865,225411.8363
2252,2234.934519,1197.811202,923.0242518,77.97278119,108.3904834,94.74955967,5996.712246,15918.84865,225411.8363
2253,2234.934519,1197.811202,923.0242518,77.97278119,108.3904834,94.74955967,5996.712246,15918.84865,225411.8363
2254,2234.934519,1197.811202,923.0242518,77.97278119,108.3904834,94.74955967,5996.712246,15918.84865,225411.8363
2255,2234.934519,1197.811202,923.0242518,77.97278119,108.3904834,94.74955967,5996.712246,15918.84865,225411.8363
2256,2234.934519,1197.811202,923.0242518,77.97278119,108.3904834,94.74955967,5996.712246,15918.84865,225411.8363
2257,2234.934519,1197.811202,923.0242518,77.97278119,108.3904834,94.74955967,5996.712246,15918.84865,225411.8363
2258,2234.934519,1197.811202,923.0242518,77.97278119,108.3904834,94.74955967,5996.712246,15918.84865,225411.8363
2259,2234.934519,1197.811202,923.0242518,77.97278119,108.3904834,94.74955967,5996.712246,15918.84865,225411.8363
2260,2234.934519,1197.811202,923.0242518,77.97278119,108.3904834,94.74955967,5996.712246,15918.84865,225411.8363
2261,2234.934519,1197.811202,923.0242518,77.97278119,108.3904834,94.74955967,5996.712246,15918.84865,225411.8363
2262,2234.934519,1197.811202,923.0242518,77.97278119,108.3904834,94.74955967,5996.712246,15918.84865,225411.8363
2263,2234.934519,1197.811202,923.0242518,77.97278119,108.3904834,94.74955967,5996.712246,15918.84865,225411.8363
2264,2234.934519,1197.811202,923.0242518,77.97278119,108.3904834,94.74955967,5996.712246,15918.84865,225411.8363
2265,2234.934519,1197.811202,923.0242518,77.97278119,108.3904834,94.74955967,5996.712246,15918.84865,225411.8363
2266,2234.934519,1197.811202,923.0242518,77.97278119,108.3904834,94.74955967,5996.712246,15918.84865,225411.8363
2267,2234.934519,1197.811202,923.0242518,77.97278119,108.3904834,94.74955967,5996.712246,15918.84865,225411.8363
2268,823.3538562,1632.508725,818.5720169,45.91229787,69.7158467,79.77645783,4703.871109,25573.69541,117237.4982
2269,823.3538562,1632.508725,818.5720169,45.91229787,69.7158467,79.77645783,4703.871109,25573.69541,117237.4982
2270,823.3538562,1632.508725,818.5720169,45.91229787,69.7158467,79.77645783,4703.871109,25573.69541,117237.4982
2271,823.3538562,1632.508725,818.5720169,45.91229787,69.7158467,79.77645783,4703.871109,25573.69541,117237.4982
2272,823.3538562,1632.508725,818.5720169,45.91229787,69.7158467,79.77645783,4703.871109,25573.69541,117237.4982
2273,823.3538562,1632.508725,818.5720169,45.91229787,69.7158467,79.77645783,4703.871109,25573.69541,117237.4982
2274,823.3538562,1632.508725,818.5720169,45.91229787,69.7158467,79.77645783,4703.871109,25573.69541,117237.4982
2275,823.3538562,1632.508725,818.5720169,45.91229787,69.7158467,79.77645783,4703.871109,25573.69541,117237.4982
2276,823.3538562,1632.508725,818.5720169,45.91229787,69.7158467,79.77645783,4703.871109,25573.69541,117237.4982
2277,823.3538562,1632.508725,818.5720169,45.91229787,69.7158467,79.77645783,4703.871109,25573.69541,117237.4982
2278,823.3538562,1632.508725,818.5720169,45.91229787,69.7158467,79.77645783,4703.871109,25573.69541,117237.4982
2279,823.3538562,1632.508725,818.5720169,45.91229787,69.7158467,79.77645783,4703.871109,25573.69541,117237.4982
2280,823.3538562,1632.508725,818.5720169,45.91229787,69.7158467,79.77645783,4703.871109,25573.69541,117237.4982
2281,823.3538562,1632.508725,818.5720169,45.91229787,69.7158467,79.77645783,4703.871109,25573.69541,117237.4982
2282,823.3538562,1632.508725,818.5720169,45.91229787,69.7158467,79.77645783,4703.871109,25573.69541,117237.4982
2283,823.3538562,1632.508725,818.5720169,45.91229787,69.7158467,79.77645783,4703.871109,25573.69541,117237.4982
2284,823.3538562,1632.508725,818.5720169,45.91229787,69.7158467,79.77645783,4703.871109,25573.69541,117237.4982
2285,823.3538562,1632.508725,818.5720169,45.91229787,69.7158467,79.77645783,4703.871109,25573.69541,117237.4982
2286,823.3538562,1632.508725,818.5720169,45.91229787,69.7158467,79.77645783,4703.871109,25573.69541,117237.4982
2287,823.3538562,1632.508725,818.5720169,45.91229787,69.7158467,79.77645783,4703.871109,25573.69541,117237.4982
2288,823.3538562,1632.508725,818.5720169,45.91229787,69.7158467,79.77645783,4703.871109,25573.69541,117237.4982
2289,695.412256,3022.866002,666.0908581,64.08734062,112.1946531,84.79260638,1933.133788,9918.741239,118468.7542
2290,695.412256,3022.866002,666.0908581,64.08734062,112.1946531,84.79260638,1933.133788,9918.741239,118468.7542
2291,695.412256,3022.866002,666.0908581,64.08734062,112.1946531,84.79260638,1933.133788,9918.741239,118468.7542
2292,695.412256,3022.866002,666.0908581,64.08734062,112.1946531,84.79260638,1933.133788,9918.741239,118468.7542
2293,695.412256,3022.866002,666.0908581,64.08734062,112.1946531,84.79260638,1933.133788,9918.741239,118468.7542
2294,695.412256,3022.866002,666.0908581,64.08734062,112.1946531,84.79260638,1933.133788,9918.741239,118468.7542
2295,695.412256,3022.866002,666.0908581,64.08734062,112.1946531,84.79260638,1933.133788,9918.741239,118468.7542
2296,695.412256,3022.866002,666.0908581,64.08734062,112.1946531,84.79260638,1933.133788,9918.741239,118468.7542
2297,695.412256,3022.866002,666.0908581,64.08734062,112.1946531,84.79260638,1933.133788,9918.741239,118468.7542
2298,695.412256,3022.866002,666.0908581,64.08734062,112.1946531,84.79260638,1933.133788,9918.741239,118468.7542
2299,695.412256,3022.866002,666.0908581,64.08734062,112.1946531,84.79260638,1933.133788,9918.741239,118468.7542
2300,695.412256,3022.866002,666.0908581,64.08734062,112.1946531,84.79260638,1933.133788,9918.741239,118468.7542
2301,695.412256,3022.866002,666.0908581,64.08734062,112.1946531,84.79260638,1933.133788,9918.741239,118468.7542
2302,695.412256,3022.866002,666.0908581,64.08734062,112.1946531,84.79260638,1933.133788,9918.741239,118468.7542
2303,695.412256,3022.866002,666.0908581,64.08734062,112.1946531,84.79260638,1933.133788,9918.741239,118468.7542
2304,695.412256,3022.866002,666.0908581,64.08734062,112.1946531,84.79260638,1933.133788,9918.741239,118468.7542
2305,695.412256,3022.866002,666.0908581,64.08734062,112.1946531,84.79260638,1933.133788,9918.741239,118468.7542
2306,695.412256,3022.866002,666.0908581,64.08734062,112.1946531,84.79260638,1933.133788,9918.741239,118468.7542
2307,695.412256,3022.866002,666.0908581,64.08734062,112.1946531,84.79260638,1933.133788,9918.741239,118468.7542
2308,695.412256,3022.866002,666.0908581,64.08734062,112.1946531,84.79260638,1933.133788,9918.741239,118468.7542
2309,695.412256,3022.866002,666.0908581,64.08734062,112.1946531,84.79260638,1933.133788,9918.741239,118468.7542
2310,1150.272977,1417.13784,501.0332302,98.53381552,48.7769584,94.97371194,4755.801213,10270.76442,92670.17269
2311,1150.272977,1417.13784,501.0332302,98.53381552,48.7769584,94.97371194,4755.801213,10270.76442,92670.17269
2312,1150.272977,1417.13784,501.0332302,98.53381552,48.7769584,94.97371194,4755.801213,10270.76442,92670.17269
2313,1150.272977,1417.13784,501.0332302,98.53381552,48.7769584,94.97371194,4755.801213,10270.76442,92670.17269
2314,1150.272977,1417.13784,501.0332302,98.53381552,48.7769584,94.97371194,4755.801213,10270.76442,92670.17269
2315,1150.272977,1417.13784,501.0332302,98.53381552,48.7769584,94.97371194,4755.801213,10270.76442,92670.17269
2316,1150.272977,1417.13784,501.0332302,98.53381552,48.7769584,94.97371194,4755.801213,10270.76442,92670.17269
2317,1150.272977,1417.13784,501.0332302,98.53381552,48.7769584,94.97371194,4755.801213,10270.76442,92670.17269
2318,1150.272977,1417.13784,501.0332302,98.53381552,48.7769584,94.97371194,4755.801213,10270.76442,92670.17269
2319,1150.272977,1417.13784,501.0332302,98.53381552,48.7769584,94.97371194,4755.801213,10270.76442,92670.17269
2320,1150.272977,1417.13784,501.0332302,98.53381552,48.7769584,94.97371194,4755.801213,10270.76442,92670.17269
2321,1150.272977,1417.13784,501.0332302,98.53381552,48.7769584,94.97371194,4755.801213,10270.76442,92670.17269
2322,1150.272977,1417.13784,501.0332302,98.53381552,48.7769584,94.97371194,4755.801213,10270.76442,92670.17269
2323,1150.272977,1417.13784,501.0332302,98.53381552,48.7769584,94.97371194,4755.801213,10270.76442,92670.17269
2324,1150.272977,1417.13784,501.0332302,98.53381552,48.7769584,94.97371194,4755.801213,10270.76442,92670.17269
2325,1150.272977,1417.13784,501.0332302,98.53381552,48.7769584,94.97371194,4755.801213,10270.76442,92670.17269
2326,1150.272977,1417.13784,501.0332302,98.53381552,48.7769584,94.97371194,4755.801213,10270.76442,92670.17269
2327,1150.272977,1417.13784,501.0332302,98.53381552,48.7769584,94.97371194,4755.801213,10270.76442,92670.17269
2328,1150.272977,1417.13784,501.0332302,98.53381552,48.7769584,94.97371194,4755.801213,10270.76442,92670.17269
2329,1150.272977,1417.13784,501.0332302,98.53381552,48.7769584,94.97371194,4755.801213,10270.76442,92670.17269
2330,1150.272977,1417.13784,501.0332302,98.53381552,48.7769584,94.97371194,4755.801213,10270.76442,92670.17269
2331,991.8374341,2180.496644,602.631372,17.89715393,72.6324595,70.3462654,4876.961499,21109.54266,127738.5731
2332,991.8374341,2180.496644,602.631372,17.89715393,72.6324595,70.3462654,4876.961499,21109.54266,127738.5731
2333,991.8374341,2180.496644,602.631372,17.89715393,72.6324595,70.3462654,4876.961499,21109.54266,127738.5731
2334,991.8374341,2180.496644,602.631372,17.89715393,72.6324595,70.3462654,4876.961499,21109.54266,127738.5731
2335,991.8374341,2180.496644,602.631372,17.89715393,72.6324595,70.3462654,4876.961499,21109.54266,127738.5731
2336,991.8374341,2180.496644,602.631372,17.89715393,72.6324595,70.3462654,4876.961499,21109.54266,127738.5731
2337,991.8374341,2180.496644,602.631372,17.89715393,72.6324595,70.3462654,4876.961499,21109.54266,127738.5731
2338,991.8374341,2180.496644,602.631372,17.89715393,72.6324595,70.3462654,4876.961499,21109.54266,127738.5731
2339,991.8374341,2180.496644,602.631372,17.89715393,72.6324595,70.3462654,4876.961499,21109.54266,127738.5731
2340,991.8374341,2180.496644,602.631372,17.89715393,72.6324595,70.3462654,4876.961499,21109.54266,127738.5731
2341,991.8374341,2180.496644,602.631372,17.89715393,72.6324595,70.3462654,4876.961499,21109.54266,127738.5731
2342,991.8374341,2180.496644,602.631372,17.89715393,72.6324595,70.3462654,4876.961499,21109.54266,127738.5731
2343,991.8374341,2180.496644,602.631372,17.89715393,72.6324595,70.3462654,4876.961499,21109.54266,127738.5731
2344,991.8374341,2180.496644,602.631372,17.89715393,72.6324595,70.3462654,4876.961499,21109.54266,127738.5731
2345,991.8374341,2180.496644,602.631372,17.89715393,72.6324595,70.3462654,4876.961499,21109.54266,127738.5731
2346,991.8374341,2180.496644,602.631372,17.89715393,72.6324595,70.3462654,4876.961499,21109.54266,127738.5731
2347,991.8374341,2180.496644,602.631372,17.89715393,72.6324595,70.3462654,4876.961499,21109.54266,127738.5731
2348,991.8374341,2180.496644,602.631372,17.89715393,72.6324595,70.3462654,4876.961499,21109.54266,127738.5731
2349,991.8374341,2180.496644,602.631372,17.89715393,72.6324595,70.3462654,4876.961499,21109.54266,127738.5731
2350,991.8374341,2180.496644,602.631372,17.89715393,72.6324595,70.3462654,4876.961499,21109.54266,127738.5731
2351,991.8374341,2180.496644,602.631372,17.89715393,72.6324595,70.3462654,4876.961499,21109.54266,127738.5731
2352,799.8783111,2574.604574,756.6941285,57.58342841,73.26202056,67.21063678,4792.455732,19962.21122,143717.4224
2353,799.8783111,2574.604574,756.6941285,57.58342841,73.26202056,67.21063678,4792.455732,19962.21122,143717.4224
2354,799.8783111,2574.604574,756.6941285,57.58342841,73.26202056,67.21063678,4792.455732,19962.21122,143717.4224
2355,799.8783111,2574.604574,756.6941285,57.58342841,73.26202056,67.21063678,4792.455732,19962.21122,143717.4224
2356,799.8783111,2574.604574,756.6941285,57.58342841,73.26202056,67.21063678,4792.455732,19962.21122,143717.4224
2357,799.8783111,2574.604574,756.6941285,57.58342841,73.26202056,67.21063678,4792.455732,19962.21122,143717.4224
2358,799.8783111,2574.604574,756.6941285,57.58342841,73.26202056,67.21063678,4792.455732,19962.21122,143717.4224
2359,799.8783111,2574.604574,756.6941285,57.58342841,73.26202056,67.21063678,4792.455732,19962.21122,143717.4224
2360,799.8783111,2574.604574,756.6941285,57.58342841,73.26202056,67.21063678,4792.455732,19962.21122,143717.4224
2361,799.8783111,2574.604574,756.6941285,57.58342841,73.26202056,67.21063678,4792.455732,19962.21122,143717.4224
2362,799.8783111,2574.604574,756.6941285,57.58342841,73.26202056,67.21063678,4792.455732,19962.21122,143717.4224
2363,799.8783111,2574.604574,756.6941285,57.58342841,73.26202056,67.21063678,4792.455732,19962.21122,143717.4224
2364,799.8783111,2574.604574,756.6941285,57.58342841,73.26202056,67.21063678,4792.455732,19962.21122,143717.4224
2365,799.8783111,2574.604574,756.6941285,57.58342841,73.26202056,67.21063678,4792.455732,19962.21122,143717.4224
2366,799.8783111,2574.604574,756.6941285,57.58342841,73.26202056,67.21063678,4792.455732,19962.21122,143717.4224
2367,799.8783111,2574.604574,756.6941285,57.58342841,73.26202056,67.21063678,4792.455732,19962.21122,143717.4224
2368,799.8783111,2574.604574,756.6941285,57.58342841,73.26202056,67.21063678,4792.455732,19962.21122,143717.4224
2369,799.8783111,2574.604574,756.6941285,57.58342841,73.26202056,67.21063678,4792.455732,19962.21122,143717.4224
2370,799.8783111,2574.604574,756.6941285,57.58342841,73.26202056,67.21063678,4792.455732,19962.21122,143717.4224
2371,799.8783111,2574.604574,756.6941285,57.58342841,73.26202056,67.21063678,4792.455732,19962.21122,143717.4224
2372,799.8783111,2574.604574,756.6941285,57.58342841,73.26202056,67.21063678,4792.455732,19962.21122,143717.4224
2373,1137.512597,1519.757542,802.7178484,49.61704332,69.94694899,57.6635573,3354.961051,14713.10408,132445.4258
2374,1137.512597,1519.757542,802.7178484,49.61704332,69.94694899,57.6635573,3354.961051,14713.10408,132445.4258
2375,1137.512597,1519.757542,802.7178484,49.61704332,69.94694899,57.6635573,3354.961051,14713.10408,132445.4258
2376,1137.512597,1519.757542,802.7178484,49.61704332,69.94694899,57.6635573,3354.961051,14713.10408,132445.4258
2377,1137.512597,1519.757542,802.7178484,49.61704332,69.94694899,57.6635573,3354.961051,14713.10408,132445.4258
2378,1137.512597,1519.757542,802.7178484,49.61704332,69.94694899,57.6635573,3354.961051,14713.10408,132445.4258
2379,1137.512597,1519.757542,802.7178484,49.61704332,69.94694899,57.6635573,3354.961051,14713.10408,132445.4258
2380,1137.512597,1519.757542,802.7178484,49.61704332,69.94694899,57.6635573,3354.961051,14713.10408,132445.4258
2381,1137.512597,1519.757542,802.7178484,49.61704332,69.94694899,57.6635573,3354.961051,14713.10408,132445.4258
2382,1137.512597,1519.757542,802.7178484,49.61704332,69.94694899,57.6635573,3354.961051,14713.10408,132445.4258
2383,1137.512597,1519.757542,802.7178484,49.61704332,69.94694899,57.6635573,3354.961051,14713.10408,132445.4258
2384,1137.512597,1519.757542,802.7178484,49.61704332,69.94694899,57.6635573,3354.961051,14713.10408,132445.4258
2385,1137.512597,1519.757542,802.7178484,49.61704332,69.94694899,57.6635573,3354.961051,14713.10408,132445.4258
2386,1137.512597,1519.757542,802.7178484,49.61704332,69.94694899,57.6635573,3354.961051,14713.10408,132445.4258
2387,1137.512597,1519.757542,802.7178484,49.61704332,69.94694899,57.6635573,3354.961051,14713.10408,132445.4258
2388,1137.512597,1519.757542,802.7178484,49.61704332,69.94694899,57.6635573,3354.961051,14713.10408,132445.4258
2389,1137.512597,1519.757542,802.7178484,49.61704332,69.94694899,57.6635573,3354.961051,14713.10408,132445.4258
2390,1137.512597,1519.757542,802.7178484,49.61704332,69.94694899,57.6635573,3354.961051,14713.10408,132445.4258
2391,1137.512597,1519.757542,802.7178484,49.61704332,69.94694899,57.6635573,3354.961051,14713.10408,132445.4258
2392,1137.512597,1519.757542,802.7178484,49.61704332,69.94694899,57.6635573,3354.961051,14713.10408,132445.4258
2393,1137.512597,1519.757542,802.7178484,49.61704332,69.94694899,57.6635573,3354.961051,14713.10408,132445.4258
2394,720.4733577,2760.438529,489.4344605,46.92882328,51.09992459,163.3662675,2941.93269,12460.18278,128569.1473
2395,720.4733577,2760.438529,489.4344605,46.92882328,51.09992459,163.3662675,2941.93269,12460.18278,128569.1473
2396,720.4733577,2760.438529,489.4344605,46.92882328,51.09992459,163.3662675,2941.93269,12460.18278,128569.1473
2397,720.4733577,2760.438529,489.4344605,46.92882328,51.09992459,163.3662675,2941.93269,12460.18278,128569.1473
2398,720.4733577,2760.438529,489.4344605,46.92882328,51.09992459,163.3662675,2941.93269,12460.18278,128569.1473
2399,720.4733577,2760.438529,489.4344605,46.92882328,51.09992459,163.3662675,2941.93269,12460.18278,128569.1473
2400,720.4733577,2760.438529,489.4344605,46.92882328,51.09992459,163.3662675,2941.93269,12460.18278,128569.1473
2401,720.4733577,2760.438529,489.4344605,46.92882328,51.09992459,163.3662675,2941.93269,12460.18278,128569.1473
2402,720.4733577,2760.438529,489.4344605,46.92882328,51.09992459,163.3662675,2941.93269,12460.18278,128569.1473
2403,720.4733577,2760.438529,489.4344605,46.92882328,51.09992459,163.3662675,2941.93269,12460.18278,128569.1473
2404,720.4733577,2760.438529,489.4344605,46.92882328,51.09992459,163.3662675,2941.93269,12460.18278,128569.1473
2405,720.4733577,2760.438529,489.4344605,46.92882328,51.09992459,163.3662675,2941.93269,12460.18278,128569.1473
2406,720.4733577,2760.438529,489.4344605,46.92882328,51.09992459,163.3662675,2941.93269,12460.18278,128569.1473
2407,720.4733577,2760.438529,489.4344605,46.92882328,51.09992459,163.3662675,2941.93269,12460.18278,128569.1473
2408,720.4733577,2760.438529,489.4344605,46.92882328,51.09992459,163.3662675,2941.93269,12460.18278,128569.1473
2409,720.4733577,2760.438529,489.4344605,46.92882328,51.09992459,163.3662675,2941.93269,12460.18278,128569.1473
2410,720.4733577,2760.438529,489.4344605,46.92882328,51.09992459,163.3662675,2941.93269,12460.18278,128569.1473
2411,720.4733577,2760.438529,489.4344605,46.92882328,51.09992459,163.3662675,2941.93269,12460.18278,128569.1473
2412,720.4733577,2760.438529,489.4344605,46.92882328,51.09992459,163.3662675,2941.93269,12460.18278,128569.1473
2413,720.4733577,2760.438529,489.4344605,46.92882328,51.09992459,163.3662675,2941.93269,12460.18278,128569.1473
2414,720.4733577,2760.438529,489.4344605,46.92882328,51.09992459,163.3662675,2941.93269,12460.18278,128569.1473
2415,784.8555066,1814.695182,652.8728024,23.91681906,98.79289755,92.04373935,4910.244534,25768.22506,71651.25163
2416,784.8555066,1814.695182,652.8728024,23.91681906,98.79289755,92.04373935,4910.244534,25768.22506,71651.25163
2417,784.8555066,1814.695182,652.8728024,23.91681906,98.79289755,92.04373935,4910.244534,25768.22506,71651.25163
2418,784.8555066,1814.695182,652.8728024,23.91681906,98.79289755,92.04373935,4910.244534,25768.22506,71651.25163
2419,784.8555066,1814.695182,652.8728024,23.91681906,98.79289755,92.04373935,4910.244534,25768.22506,71651.25163
2420,784.8555066,1814.695182,652.8728024,23.91681906,98.79289755,92.04373935,4910.244534,25768.22506,71651.25163
2421,784.8555066,1814.695182,652.8728024,23.91681906,98.79289755,92.04373935,4910.244534,25768.22506,71651.25163
2422,784.8555066,1814.695182,652.8728024,23.91681906,98.79289755,92.04373935,4910.244534,25768.22506,71651.25163
2423,784.8555066,1814.695182,652.8728024,23.91681906,98.79289755,92.04373935,4910.244534,25768.22506,71651.25163
2424,784.8555066,1814.695182,652.8728024,23.91681906,98.79289755,92.04373935,4910.244534,25768.22506,71651.25163
2425,784.8555066,1814.695182,652.8728024,23.91681906,98.79289755,92.04373935,4910.244534,25768.22506,71651.25163
2426,784.8555066,1814.695182,652.8728024,23.91681906,98.79289755,92.04373935,4910.244534,25768.22506,71651.25163
2427,784.8555066,1814.695182,652.8728024,23.91681906,98.79289755,92.04373935,4910.244534,25768.22506,71651.25163
2428,784.8555066,1814.695182,652.8728024,23.91681906,98.79289755,92.04373935,4910.244534,25768.22506,71651.25163
2429,784.8555066,1814.695182,652.8728024,23.91681906,98.79289755,92.04373935,4910.244534,25768.22506,71651.25163
2430,784.8555066,1814.695182,652.8728024,23.91681906,98.79289755,92.04373935,4910.244534,25768.22506,71651.25163
2431,784.8555066,1814.695182,652.8728024,23.91681906,98.79289755,92.04373935,4910.244534,25768.22506,71651.25163
2432,784.8555066,1814.695182,652.8728024,23.91681906,98.79289755,92.04373935,4910.244534,25768.22506,71651.25163
2433,784.8555066,1814.695182,652.8728024,23.91681906,98.79289755,92.04373935,4910.244534,25768.22506,71651.25163
2434,784.8555066,1814.695182,652.8728024,23.91681906,98.79289755,92.04373935,4910.244534,25768.22506,71651.25163
2435,784.8555066,1814.695182,652.8728024,23.91681906,98.79289755,92.04373935,4910.244534,25768.22506,71651.25163
2436,2017.584592,4436.872875,638.143739,44.90542557,73.62368587,93.71855126,5631.243787,31515.58365,96332.26536
2437,2017.584592,4436.872875,638.143739,44.90542557,73.62368587,93.71855126,5631.243787,31515.58365,96332.26536
2438,2017.584592,4436.872875,638.143739,44.90542557,73.62368587,93.71855126,5631.243787,31515.58365,96332.26536
2439,2017.584592,4436.872875,638.143739,44.90542557,73.62368587,93.71855126,5631.243787,31515.58365,96332.26536
2440,2017.584592,4436.872875,638.143739,44.90542557,73.62368587,93.71855126,5631.243787,31515.58365,96332.26536
2441,2017.584592,4436.872875,638.143739,44.90542557,73.62368587,93.71855126,5631.243787,31515.58365,96332.26536
2442,2017.584592,4436.872875,638.143739,44.90542557,73.62368587,93.71855126,5631.243787,31515.58365,96332.26536
2443,2017.584592,4436.872875,638.143739,44.90542557,73.62368587,93.71855126,5631.243787,31515.58365,96332.26536
2444,2017.584592,4436.872875,638.143739,44.90542557,73.62368587,93.71855126,5631.243787,31515.58365,96332.26536
2445,2017.584592,4436.872875,638.143739,44.90542557,73.62368587,93.71855126,5631.243787,31515.58365,96332.26536
2446,2017.584592,4436.872875,638.143739,44.90542557,73.62368587,93.71855126,5631.243787,31515.58365,96332.26536
2447,2017.584592,4436.872875,638.143739,44.90542557,73.62368587,93.71855126,5631.243787,31515.58365,96332.26536
2448,2017.584592,4436.872875,638.143739,44.90542557,73.62368587,93.71855126,5631.243787,31515.58365,96332.26536
2449,2017.584592,4436.872875,638.143739,44.90542557,73.62368587,93.71855126,5631.243787,31515.58365,96332.26536
2450,2017.584592,4436.872875,638.143739,44.90542557,73.62368587,93.71855126,5631.243787,31515.58365,96332.26536
2451,2017.584592,4436.872875,638.143739,44.90542557,73.62368587,93.71855126,5631.243787,31515.58365,96332.26536
2452,2017.584592,4436.872875,638.143739,44.90542557,73.62368587,93.71855126,5631.243787,31515.58365,96332.26536
2453,2017.584592,4436.872875,638.143739,44.90542557,73.62368587,93.71855126,5631.243787,31515.58365,96332.26536
2454,2017.584592,4436.872875,638.143739,44.90542557,73.62368587,93.71855126,5631.243787,31515.58365,96332.26536
2455,2017.584592,4436.872875,638.143739,44.90542557,73.62368587,93.71855126,5631.243787,31515.58365,96332.26536
2456,2017.584592,4436.872875,638.143739,44.90542557,73.62368587,93.71855126,5631.243787,31515.58365,96332.26536
2457,1436.950258,2521.121275,815.8013249,54.52082502,134.7190462,157.3213612,3393.144014,12954.41983,140436.8235
2458,1436.950258,2521.121275,815.8013249,54.52082502,134.7190462,157.3213612,3393.144014,12954.41983,140436.8235
2459,1436.950258,2521.121275,815.8013249,54.52082502,134.7190462,157.3213612,3393.144014,12954.41983,140436.8235
2460,1436.950258,2521.121275,815.8013249,54.52082502,134.7190462,157.3213612,3393.144014,12954.41983,140436.8235
2461,1436.950258,2521.121275,815.8013249,54.52082502,134.7190462,157.3213612,3393.144014,12954.41983,140436.8235
2462,1436.950258,2521.121275,815.8013249,54.52082502,134.7190462,157.3213612,3393.144014,12954.41983,140436.8235
2463,1436.950258,2521.121275,815.8013249,54.52082502,134.7190462,157.3213612,3393.144014,12954.41983,140436.8235
2464,1436.950258,2521.121275,815.8013249,54.52082502,134.7190462,157.3213612,3393.144014,12954.41983,140436.8235
2465,1436.950258,2521.121275,815.8013249,54.52082502,134.7190462,157.3213612,3393.144014,12954.41983,140436.8235
2466,1436.950258,2521.121275,815.8013249,54.52082502,134.7190462,157.3213612,3393.144014,12954.41983,140436.8235
2467,1436.950258,2521.121275,815.8013249,54.52082502,134.7190462,157.3213612,3393.144014,12954.41983,140436.8235
2468,1436.950258,2521.121275,815.8013249,54.52082502,134.7190462,157.3213612,3393.144014,12954.41983,140436.8235
2469,1436.950258,2521.121275,815.8013249,54.52082502,134.7190462,157.3213612,3393.144014,12954.41983,140436.8235
2470,1436.950258,2521.121275,815.8013249,54.52082502,134.7190462,157.3213612,3393.144014,12954.41983,140436.8235
2471,1436.950258,2521.121275,815.8013249,54.52082502,134.7190462,157.3213612,3393.144014,12954.41983,140436.8235
2472,1436.950258,2521.121275,815.8013249,54.52082502,134.7190462,157.3213612,3393.144014,12954.41983,140436.8235
2473,1436.950258,2521.121275,815.8013249,54.52082502,134.7190462,157.3213612,3393.144014,12954.41983,140436.8235
2474,1436.950258,2521.121275,815.8013249,54.52082502,134.7190462,157.3213612,3393.144014,12954.41983,140436.8235
2475,1436.950258,2521.121275,815.8013249,54.52082502,134.7190462,157.3213612,3393.144014,12954.41983,140436.8235
2476,1436.950258,2521.121275,815.8013249,54.52082502,134.7190462,157.3213612,3393.144014,12954.41983,140436.8235
2477,1436.950258,2521.121275,815.8013249,54.52082502,134.7190462,157.3213612,3393.144014,12954.41983,140436.8235
2478,2084.994741,3250.012114,585.2201197,70.26838066,80.79234722,72.44944768,2588.297604,21487.84094,132694.294
2479,2084.994741,3250.012114,585.2201197,70.26838066,80.79234722,72.44944768,2588.297604,21487.84094,132694.294
2480,2084.994741,3250.012114,585.2201197,70.26838066,80.79234722,72.44944768,2588.297604,21487.84094,132694.294
2481,2084.994741,3250.012114,585.2201197,70.26838066,80.79234722,72.44944768,2588.297604,21487.84094,132694.294
2482,2084.994741,3250.012114,585.2201197,70.26838066,80.79234722,72.44944768,2588.297604,21487.84094,132694.294
2483,2084.994741,3250.012114,585.2201197,70.26838066,80.79234722,72.44944768,2588.297604,21487.84094,132694.294
2484,2084.994741,3250.012114,585.2201197,70.26838066,80.79234722,72.44944768,2588.297604,21487.84094,132694.294
2485,2084.994741,3250.012114,585.2201197,70.26838066,80.79234722,72.44944768,2588.297604,21487.84094,132694.294
2486,2084.994741,3250.012114,585.2201197,70.26838066,80.79234722,72.44944768,2588.297604,21487.84094,132694.294
2487,2084.994741,3250.012114,585.2201197,70.26838066,80.79234722,72.44944768,2588.297604,21487.84094,132694.294
2488,2084.994741,3250.012114,585.2201197,70.26838066,80.79234722,72.44944768,2588.297604,21487.84094,132694.294
2489,2084.994741,3250.012114,585.2201197,70.26838066,80.79234722,72.44944768,2588.297604,21487.84094,132694.294
2490,2084.994741,3250.012114,585.2201197,70.26838066,80.79234722,72.44944768,2588.297604,21487.84094,132694.294
2491,2084.994741,3250.012114,585.2201197,70.26838066,80.79234722,72.44944768,2588.297604,21487.84094,132694.294
2492,2084.994741,3250.012114,585.2201197,70.26838066,80.79234722,72.44944768,2588.297604,21487.84094,132694.294
2493,2084.994741,3250.012114,585.2201197,70.26838066,80.79234722,72.44944768,2588.297604,21487.84094,132694.294
2494,2084.994741,3250.012114,585.2201197,70.26838066,80.79234722,72.44944768,2588.297604,21487.84094,132694.294
2495,2084.994741,3250.012114,585.2201197,70.26838066,80.79234722,72.44944768,2588.297604,21487.84094,132694.294
2496,2084.994741,3250.012114,585.2201197,70.26838066,80.79234722,72.44944768,2588.297604,21487.84094,132694.294
2497,2084.994741,3250.012114,585.2201197,70.26838066,80.79234722,72.44944768,2588.297604,21487.84094,132694.294
2498,2084.994741,3250.012114,585.2201197,70.26838066,80.79234722,72.44944768,2588.297604,21487.84094,132694.294
2499,1021.472922,2762.330496,696.7073872,48.29915896,50.94286649,90.49037811,3441.210521,16469.75429,90121.08796
2500,1021.472922,2762.330496,696.7073872,48.29915896,50.94286649,90.49037811,3441.210521,16469.75429,90121.08796
2501,1021.472922,2762.330496,696.7073872,48.29915896,50.94286649,90.49037811,3441.210521,16469.75429,90121.08796
2502,1021.472922,2762.330496,696.7073872,48.29915896,50.94286649,90.49037811,3441.210521,16469.75429,90121.08796
2503,1021.472922,2762.330496,696.7073872,48.29915896,50.94286649,90.49037811,3441.210521,16469.75429,90121.08796
2504,1021.472922,2762.330496,696.7073872,48.29915896,50.94286649,90.49037811,3441.210521,16469.75429,90121.08796
2505,1021.472922,2762.330496,696.7073872,48.29915896,50.94286649,90.49037811,3441.210521,16469.75429,90121.08796
2506,1021.472922,2762.330496,696.7073872,48.29915896,50.94286649,90.49037811,3441.210521,16469.75429,90121.08796
2507,1021.472922,2762.330496,696.7073872,48.29915896,50.94286649,90.49037811,3441.210521,16469.75429,90121.08796
2508,1021.472922,2762.330496,696.7073872,48.29915896,50.94286649,90.49037811,3441.210521,16469.75429,90121.08796
